`ex01.83` <-
structure(list(C1 = c(4.1, 7.7, 17.5, 31.4, 32.7, 40.6, 92.4, 
115.3, 118.3, 119, 129.6, 198.6, 200.7, 242.5, 255, 274.7, 274.7, 
302.8, 334.1, 430, 489.1, 703.4, 978, 1656, 1697.8, 2745.6)), .Names = "C1", class = "data.frame", row.names = c("1", 
"2", "3", "4", "5", "6", "7", "8", "9", "10", "11", "12", "13", 
"14", "15", "16", "17", "18", "19", "20", "21", "22", "23", "24", 
"25", "26"))
