`ex01.32` <-
structure(list(Value = as.integer(c(0, 150, 300, 450, 600, 750, 
900, 1050, 1200, 1350, 1500, 1650, 1800, 1950)), Cumulative = c(0, 
19.3, 37.6, 62.7, 77.5, 87.2, 93.8, 95.7, 98.6, 99.1, 99.5, 99.6, 
99.8, 100)), .Names = c("Value", "Cumulative"), class = "data.frame", row.names = c("1", 
"2", "3", "4", "5", "6", "7", "8", "9", "10", "11", "12", "13", 
"14"))
