`ex01.65` <-
structure(list(HC = c(13.8, 18.3, 32.2, 32.5), CO = as.integer(c(118, 
149, 232, 236))), .Names = c("HC", "CO"), class = "data.frame", row.names = c("1", 
"2", "3", "4"))
