`ex01.14` <-
structure(list(Rate = c(4.6, 12.3, 7.1, 7, 4, 9.2, 6.7, 6.9, 
11.5, 5.1, 11.2, 10.5, 14.3, 8, 8.8, 6.4, 5.1, 5.6, 9.6, 7.5, 
7.5, 6.2, 5.8, 2.3, 3.4, 10.4, 9.8, 6.6, 3.7, 6.4, 8.3, 6.5, 
7.6, 9.3, 9.2, 7.3, 5, 6.3, 13.8, 6.2, 5.4, 4.8, 7.5, 6, 6.9, 
10.8, 7.5, 6.6, 5, 3.3, 7.6, 3.9, 11.9, 2.2, 15, 7.2, 6.1, 15.3, 
18.9, 7.2, 5.4, 5.5, 4.3, 9, 12.7, 11.3, 7.4, 5, 3.5, 8.2, 8.4, 
7.3, 10.3, 11.9, 6, 5.6, 9.5, 9.3, 10.4, 9.7, 5.1, 6.7, 10.2, 
6.2, 8.4, 7, 4.8, 5.6, 10.5, 14.6, 10.8, 15.5, 7.5, 6.4, 3.4, 
5.5, 6.6, 5.9, 15, 9.6, 7.8, 7, 6.9, 4.1, 3.6, 11.9, 3.7, 5.7, 
6.8, 11.3, 9.3, 9.6, 10.4, 9.3, 6.9, 9.8, 9.1, 10.6, 4.5, 6.2, 
8.3, 3.2, 4.9, 5, 6, 8.2, 6.3, 3.8, 6)), .Names = "Rate", class = "data.frame", row.names = c("1", 
"2", "3", "4", "5", "6", "7", "8", "9", "10", "11", "12", "13", 
"14", "15", "16", "17", "18", "19", "20", "21", "22", "23", "24", 
"25", "26", "27", "28", "29", "30", "31", "32", "33", "34", "35", 
"36", "37", "38", "39", "40", "41", "42", "43", "44", "45", "46", 
"47", "48", "49", "50", "51", "52", "53", "54", "55", "56", "57", 
"58", "59", "60", "61", "62", "63", "64", "65", "66", "67", "68", 
"69", "70", "71", "72", "73", "74", "75", "76", "77", "78", "79", 
"80", "81", "82", "83", "84", "85", "86", "87", "88", "89", "90", 
"91", "92", "93", "94", "95", "96", "97", "98", "99", "100", 
"101", "102", "103", "104", "105", "106", "107", "108", "109", 
"110", "111", "112", "113", "114", "115", "116", "117", "118", 
"119", "120", "121", "122", "123", "124", "125", "126", "127", 
"128", "129"))
