`ex01.46` <-
structure(list(C1 = as.integer(c(2781, 2900, 3013, 2856, 2888
))), .Names = "C1", class = "data.frame", row.names = c("1", 
"2", "3", "4", "5"))
