`ex01.15` <-
structure(list(Score = as.integer(c(56, 44, 62, 36, 39, 53, 50, 
65, 45, 40, 56, 68, 41, 30, 40, 50, 56, 30, 22, 62, 53, 75, 42, 
47, 40, 34, 62, 52, 50, 34, 42, 36, 75, 80, 47, 56, 62)), Type = structure(as.integer(c(1, 
1, 1, 1, 1, 1, 1, 1, 1, 1, 1, 1, 1, 1, 1, 1, 1, 1, 1, 2, 2, 2, 
2, 2, 2, 2, 2, 2, 2, 2, 2, 2, 2, 2, 2, 2, 2)), .Label = c(" Creamy", 
" Crunchy"), class = "factor")), .Names = c("Score", "Type"), class = "data.frame", row.names = c("1", 
"2", "3", "4", "5", "6", "7", "8", "9", "10", "11", "12", "13", 
"14", "15", "16", "17", "18", "19", "20", "21", "22", "23", "24", 
"25", "26", "27", "28", "29", "30", "31", "32", "33", "34", "35", 
"36", "37"))
