`ex01.60` <-
structure(list(Test = as.integer(c(7200, 6100, 7300, 7300, 8000, 
7400, 7300, 7300, 8000, 6700, 8300, NA)), Cannister = as.integer(c(5250, 
5625, 5900, 5900, 5700, 6050, 5800, 6000, 5875, 6100, 5850, 6600
))), .Names = c("Test", "Cannister"), class = "data.frame", row.names = c("1", 
"2", "3", "4", "5", "6", "7", "8", "9", "10", "11", "12"))
