`ex01.44` <-
structure(list(C1 = c(29.5, 49.3, 30.6, 28.2, 28, 26.3, 33.9, 
29.4, 23.5, 31.6)), .Names = "C1", class = "data.frame", row.names = c("1", 
"2", "3", "4", "5", "6", "7", "8", "9", "10"))
