`ex01.59` <-
structure(list(ED = c(0, 0, 0, 0, 0.1, 0.1, 0.1, 0.1, 0.2, 0.2, 
0.3, 0.3, 0.3, 0.4, 0.5, 0.7, 0.8, 1, 1.5, 2.7, 2.8, 3.5, 4, 
8.9, 9.2, 11.7, 21, NA, NA, NA, NA, NA, NA, NA, NA, NA, NA, NA, 
NA, NA, NA, NA, NA, NA, NA, NA, NA, NA, NA, NA), Non = c(0, 0, 
0, 0, 0, 0.1, 0.1, 0.1, 0.1, 0.2, 0.2, 0.2, 0.3, 0.3, 0.3, 0.4, 
0.5, 0.5, 0.6, 0.8, 0.9, 1, 1.2, 1.4, 1.5, 1.7, 2, 3.2, 3.5, 
4.1, 4.3, 4.8, 5, 5.6, 5.9, 6, 6.4, 7.9, 8.3, 8.7, 9.1, 9.6, 
9.9, 11, 11.5, 12.2, 12.7, 14, 16.6, 17.8)), .Names = c("ED", 
"Non"), class = "data.frame", row.names = c("1", "2", "3", "4", 
"5", "6", "7", "8", "9", "10", "11", "12", "13", "14", "15", 
"16", "17", "18", "19", "20", "21", "22", "23", "24", "25", "26", 
"27", "28", "29", "30", "31", "32", "33", "34", "35", "36", "37", 
"38", "39", "40", "41", "42", "43", "44", "45", "46", "47", "48", 
"49", "50"))
