`ex01.39` <-
structure(list(C1 = c(0.736, 0.863, 0.865, 0.913, 0.915, 0.937, 
0.983, 1.007, 1.011, 1.064, 1.109, 1.132, 1.14, 1.153, 1.253, 
1.394)), .Names = "C1", class = "data.frame", row.names = c("1", 
"2", "3", "4", "5", "6", "7", "8", "9", "10", "11", "12", "13", 
"14", "15", "16"))
