`ex01.36` <-
structure(list(C1 = as.integer(c(389, 356, 359, 363, 375, 424, 
325, 394, 402, 373, 373, 370, 364, 366, 364, 325, 339, 393, 392, 
369, 374, 359, 356, 403, 334, 397))), .Names = "C1", class = "data.frame", row.names = c("1", 
"2", "3", "4", "5", "6", "7", "8", "9", "10", "11", "12", "13", 
"14", "15", "16", "17", "18", "19", "20", "21", "22", "23", "24", 
"25", "26"))
