`ex01.29` <-
structure(list(C1 = structure(as.integer(c(3, 8, 8, 7, 5, 2, 
4, 1, 1, 4, 8, 5, 8, 8, 6, 5, 8, 5, 5, 4, 7, 8, 1, 6, 8, 5, 6, 
8, 1, 5, 8, 4, 7, 8, 4, 4, 8, 8, 7, 8, 7, 5, 4, 5, 1, 8, 2, 8, 
4, 5, 8, 8, 1, 7, 2, 8, 8, 8, 6, 1, 4)), .Label = c("B", "C", 
"C5", "F", "J", "M", "N", "O"), class = "factor")), .Names = "C1", class = "data.frame", row.names = c("1", 
"2", "3", "4", "5", "6", "7", "8", "9", "10", "11", "12", "13", 
"14", "15", "16", "17", "18", "19", "20", "21", "22", "23", "24", 
"25", "26", "27", "28", "29", "30", "31", "32", "33", "34", "35", 
"36", "37", "38", "39", "40", "41", "42", "43", "44", "45", "46", 
"47", "48", "49", "50", "51", "52", "53", "54", "55", "56", "57", 
"58", "59", "60", "61"))
