`ex01.80` <-
structure(list(Length = structure(as.integer(c(14, 15, 1, 2, 
3, 4, 5, 6, 7, 8, 9, 10, 11, 12, 13)), .Label = c("10-<12", "12-<14", 
"14-<16", "16-<18", "18-<20", "20-<22", "22-<24", "24-<26", "26-<28", 
"28-<30", "30-<35", "35-<40", "40-<45", "6-<8", "8-<10"), class = "factor"), 
    Frequency = as.integer(c(6, 23, 30, 35, 32, 48, 42, 40, 28, 
    27, 26, 14, 27, 11, 2))), .Names = c("Length", "Frequency"
), class = "data.frame", row.names = c("1", "2", "3", "4", "5", 
"6", "7", "8", "9", "10", "11", "12", "13", "14", "15"))
