`ex01.33` <-
structure(list(C1 = as.integer(c(244, 191, 160, 187, 180, 176, 
174, 205, 211, 183, 211, 180, 194, 200))), .Names = "C1", class = "data.frame", row.names = c("1", 
"2", "3", "4", "5", "6", "7", "8", "9", "10", "11", "12", "13", 
"14"))
