`ex01.50` <-
structure(list(awards = as.integer(c(37, 60, 75, 115, 135, 140, 
149, 150, 238, 290, 340, 410, 600, 750, 750, 750, 1050, 1100, 
1139, 1150, 1200, 1200, 1250, 1576, 1700, 1825, 2000))), .Names = "awards", class = "data.frame", row.names = c("1", 
"2", "3", "4", "5", "6", "7", "8", "9", "10", "11", "12", "13", 
"14", "15", "16", "17", "18", "19", "20", "21", "22", "23", "24", 
"25", "26", "27"))
