`ex01.28` <-
structure(list(radiation = c(20.9, 19.6, 20.4, 20.3, 20.8, 20.6, 
20.5, 20.4, 19.9, 19.8, 19.5, 20.2, 16.5, 18.3, 18.7, 19.6, 20, 
20, 19.5, 19.6, 19.1, 18.8, 18.3, 17.6, 17.2, 17.8, 18.7, 19, 
19, 18.6, 18.8, 19, 18.5, 18.3, 17.5, 16.9, 17, 17.8, 18.1, 18.8, 
18.9, 18.9, 19.1, 18.8, 18.4, 17.8, 17, 16.8, 17.9, 18.4, 19, 
19.4, 19.7, 19.5, 19.5, 19.5, 19, 18.7, 18.1, 17.9)), .Names = "radiation", class = "data.frame", row.names = c("1", 
"2", "3", "4", "5", "6", "7", "8", "9", "10", "11", "12", "13", 
"14", "15", "16", "17", "18", "19", "20", "21", "22", "23", "24", 
"25", "26", "27", "28", "29", "30", "31", "32", "33", "34", "35", 
"36", "37", "38", "39", "40", "41", "42", "43", "44", "45", "46", 
"47", "48", "49", "50", "51", "52", "53", "54", "55", "56", "57", 
"58", "59", "60"))
