`ex01.49` <-
structure(list(C1 = c(2.75, 2.62, 2.74, 3.85, 2.34, 2.74, 3.93, 
4.21, 3.88, 4.33, 3.46, 4.52, 2.43, 3.65, 2.78, 3.56, 3.01)), .Names = "C1", class = "data.frame", row.names = c("1", 
"2", "3", "4", "5", "6", "7", "8", "9", "10", "11", "12", "13", 
"14", "15", "16", "17"))
