`ex01.45` <-
structure(list(C1 = c(116.4, 115.9, 114.6, 115.2, 115.8)), .Names = "C1", class = "data.frame", row.names = c("1", 
"2", "3", "4", "5"))
