`ex01.37` <-
structure(list(C1 = c(6.5, 12, 14.9, 10, 10.7, 7.9, 21.9, 12.5, 
14.5, 9.2)), .Names = "C1", class = "data.frame", row.names = c("1", 
"2", "3", "4", "5", "6", "7", "8", "9", "10"))
