`ex01.73` <-
structure(list(C1 = c(0.95, 0.85, 0.92, 0.95, 0.93, 0.86, 1, 
0.92, 0.85, 0.81, 0.78, 0.93, 0.93, 1.05, 0.93, 1.06, 1.06, 0.96, 
0.81, 0.96)), .Names = "C1", class = "data.frame", row.names = c("1", 
"2", "3", "4", "5", "6", "7", "8", "9", "10", "11", "12", "13", 
"14", "15", "16", "17", "18", "19", "20"))
