`ex01.18` <-
structure(list(Number.of.papers = as.integer(c(0, 1, 2, 3, 4, 
5, 6, 7, 8, 9, 10, 11, 12, 13, 14, 15, 16, 17)), Frequency = as.integer(c(1, 
784, 204, 127, 50, 33, 28, 19, 19, 6, 7, 6, 7, 4, 4, 5, 3, 3))), .Names = c("Number.of.papers", 
"Frequency"), class = "data.frame", row.names = c("1", "2", "3", 
"4", "5", "6", "7", "8", "9", "10", "11", "12", "13", "14", "15", 
"16", "17", "18"))
