`ex01.19` <-
structure(list(Number.of.particles = as.integer(c(0, 1, 2, 3, 
4, 5, 6, 7, 8, 9, 10, 11, 12, 13, 14)), Frequency = as.integer(c(1, 
2, 3, 12, 11, 15, 18, 10, 12, 4, 5, 3, 1, 2, 1))), .Names = c("Number.of.particles", 
"Frequency"), class = "data.frame", row.names = c("1", "2", "3", 
"4", "5", "6", "7", "8", "9", "10", "11", "12", "13", "14", "15"
))
