`ex01.51` <-
structure(list(C1 = as.integer(c(87, 103, 130, 160, 180, 195, 
132, 145, 211, 105, 145, 153, 152, 138, 87, 99, 93, 119, 129))), .Names = "C1", class = "data.frame", row.names = c("1", 
"2", "3", "4", "5", "6", "7", "8", "9", "10", "11", "12", "13", 
"14", "15", "16", "17", "18", "19"))
