`ex01.17` <-
structure(list(C1 = as.integer(c(2, 1, 2, 4, 0, 1, 3, 2, 0, 5, 
3, 3, 1, 3, 2, 4, 7, 0, 2, 3, 0, 4, 2, 1, 3, 1, 1, 3, 4, 1, 2, 
3, 2, 2, 8, 4, 5, 1, 3, 1, 5, 0, 2, 3, 2, 1, 0, 6, 4, 2, 1, 6, 
0, 3, 3, 3, 6, 1, 2, 3))), .Names = "C1", class = "data.frame", row.names = c("1", 
"2", "3", "4", "5", "6", "7", "8", "9", "10", "11", "12", "13", 
"14", "15", "16", "17", "18", "19", "20", "21", "22", "23", "24", 
"25", "26", "27", "28", "29", "30", "31", "32", "33", "34", "35", 
"36", "37", "38", "39", "40", "41", "42", "43", "44", "45", "46", 
"47", "48", "49", "50", "51", "52", "53", "54", "55", "56", "57", 
"58", "59", "60"))
