`ex01.27` <-
structure(list(lifetime = as.integer(c(11, 14, 20, 23, 31, 36, 
39, 44, 47, 50, 59, 61, 65, 67, 68, 71, 74, 76, 78, 79, 81, 84, 
85, 89, 91, 93, 96, 99, 101, 104, 105, 105, 112, 118, 123, 136, 
139, 141, 148, 158, 161, 168, 184, 206, 248, 263, 289, 322, 388, 
513))), .Names = "lifetime", class = "data.frame", row.names = c("1", 
"2", "3", "4", "5", "6", "7", "8", "9", "10", "11", "12", "13", 
"14", "15", "16", "17", "18", "19", "20", "21", "22", "23", "24", 
"25", "26", "27", "28", "29", "30", "31", "32", "33", "34", "35", 
"36", "37", "38", "39", "40", "41", "42", "43", "44", "45", "46", 
"47", "48", "49", "50"))
