`ex01.56` <-
structure(list(C1 = as.integer(c(30, 30, 60, 63, 70, 79, 87, 
90, 101, 102, 115, 118, 119, 119, 120, 125, 140, 145, 172, 182, 
183, 191, 222, 244, 291, 511))), .Names = "C1", class = "data.frame", row.names = c("1", 
"2", "3", "4", "5", "6", "7", "8", "9", "10", "11", "12", "13", 
"14", "15", "16", "17", "18", "19", "20", "21", "22", "23", "24", 
"25", "26"))
