`ex01.75` <-
structure(list(Type.1 = as.integer(c(350, 350, 350, 358, 370, 
370, 370, 371, 371, 372, 372, 384, 391, 391, 392)), Type.2 = as.integer(c(350, 
354, 359, 363, 365, 368, 369, 371, 373, 374, 376, 380, 383, 388, 
392)), Type.3 = as.integer(c(350, 361, 362, 364, 364, 365, 366, 
371, 377, 377, 377, 379, 380, 380, 392))), .Names = c("Type.1", 
"Type.2", "Type.3"), class = "data.frame", row.names = c("1", 
"2", "3", "4", "5", "6", "7", "8", "9", "10", "11", "12", "13", 
"14", "15"))
