`ex01.43` <-
structure(list(Lifetime = as.integer(c(48, 79, 100, 35, 92, 86, 
57, 100, 17, 29))), .Names = "Lifetime", class = "data.frame", row.names = c("1", 
"2", "3", "4", "5", "6", "7", "8", "9", "10"))
