`ex01.54` <-
structure(list(C1 = c(22.2, 40.4, 16.4, 73.7, 36.6, 109.9, 30, 
4.4, 33.1, 66.7, 81.5)), .Names = "C1", class = "data.frame", row.names = c("1", 
"2", "3", "4", "5", "6", "7", "8", "9", "10", "11"))
