`ex01.70` <-
structure(list(Weight = c(14.6, 14.4, 19.5, 24.3, 16.3, 22.1, 
23, 18.7, 19, 17, 19.1, 19.6, 23.2, 18.5, 15.9), Treadmill = c(11.3, 
5.3, 9.1, 15.2, 10.1, 19.6, 20.8, 10.3, 10.3, 2.6, 16.6, 22.4, 
23.6, 12.6, 4.4)), .Names = c("Weight", "Treadmill"), class = "data.frame", row.names = c("1", 
"2", "3", "4", "5", "6", "7", "8", "9", "10", "11", "12", "13", 
"14", "15"))
