`ex01.12` <-
structure(list(SpecGrav = c(0.31, 0.35, 0.36, 0.36, 0.37, 0.38, 
0.4, 0.4, 0.4, 0.41, 0.41, 0.42, 0.42, 0.42, 0.42, 0.42, 0.43, 
0.44, 0.45, 0.46, 0.46, 0.47, 0.48, 0.48, 0.48, 0.51, 0.54, 0.54, 
0.55, 0.58, 0.62, 0.66, 0.66, 0.67, 0.68, 0.75)), .Names = "SpecGrav", class = "data.frame", row.names = c("1", 
"2", "3", "4", "5", "6", "7", "8", "9", "10", "11", "12", "13", 
"14", "15", "16", "17", "18", "19", "20", "21", "22", "23", "24", 
"25", "26", "27", "28", "29", "30", "31", "32", "33", "34", "35", 
"36"))
