`ex01.24` <-
structure(list(C1 = as.integer(c(5434, 5112, 4820, 5378, 5027, 
4848, 4755, 5207, 5049, 4740, 5248, 5227, 4931, 5364, 5189, 4948, 
5015, 5043, 5260, 5008, 5089, 4925, 5621, 4974, 5173, 5245, 5555, 
4493, 5640, 4986, 4521, 4659, 4886, 5055, 4609, 5518, 5001, 4918, 
4592, 4568, 4723, 5388, 5309, 5069, 4570, 4806, 4599, 5828, 4772, 
5333, 4803, 5138, 4173, 5653, 5275, 5498, 5582, 5188, 4990, 4637, 
5288, 5218, 5133, 5164, 4951, 4786, 5296, 5078, 5419, 4681, 4308, 
5764, 5702, 5670, 5299, 4859, 5095, 5342, 5679, 4500, 4965, 4900, 
5205, 5076, 4823, 5273, 5241, 4381, 4848, 4780, 4618, 5069, 5256, 
5461, 5170, 4968, 4452, 4774, 4417, 5042))), .Names = "C1", class = "data.frame", row.names = c("1", 
"2", "3", "4", "5", "6", "7", "8", "9", "10", "11", "12", "13", 
"14", "15", "16", "17", "18", "19", "20", "21", "22", "23", "24", 
"25", "26", "27", "28", "29", "30", "31", "32", "33", "34", "35", 
"36", "37", "38", "39", "40", "41", "42", "43", "44", "45", "46", 
"47", "48", "49", "50", "51", "52", "53", "54", "55", "56", "57", 
"58", "59", "60", "61", "62", "63", "64", "65", "66", "67", "68", 
"69", "70", "71", "72", "73", "74", "75", "76", "77", "78", "79", 
"80", "81", "82", "83", "84", "85", "86", "87", "88", "89", "90", 
"91", "92", "93", "94", "95", "96", "97", "98", "99", "100"))
