`ex01.20` <-
structure(list(C1 = as.integer(c(1280, 1050, 1320, 960, 3150, 
2700, 510, 5320, 360, 530, 1120, 5700, 2730, 240, 4390, 3330, 
3350, 2120, 5220, 1670, 396, 2100, 3380, 540, 450, 500, 100, 
1419, 1240, 340, 3870, 2250, 1850, 5770, 2109, 3060, 1000, 1250, 
2320, 2460, 3150, 4770, 960, 2400, 2400, 5850, 1890))), .Names = "C1", class = "data.frame", row.names = c("1", 
"2", "3", "4", "5", "6", "7", "8", "9", "10", "11", "12", "13", 
"14", "15", "16", "17", "18", "19", "20", "21", "22", "23", "24", 
"25", "26", "27", "28", "29", "30", "31", "32", "33", "34", "35", 
"36", "37", "38", "39", "40", "41", "42", "43", "44", "45", "46", 
"47"))
