`ex01.72` <-
structure(list(PTSD = as.integer(c(10, 20, 25, 28, 31, 35, 37, 
38, 38, 39, 39, 42, 46)), Healthy = as.integer(c(23, 39, 40, 
41, 43, 47, 51, 58, 63, 66, 67, 69, 72))), .Names = c("PTSD", 
"Healthy"), class = "data.frame", row.names = c("1", "2", "3", 
"4", "5", "6", "7", "8", "9", "10", "11", "12", "13"))
