`ex01.25` <-
structure(list(IDT = c(28.1, 31.2, 13.7, 46, 25.8, 16.8, 34.8, 
62.3, 28, 17.9, 19.5, 21.1, 31.9, 28.9, 60.1, 23.7, 18.6, 21.4, 
26.6, 26.2, 32, 43.5, 17.4, 38.8, 30.6, 55.6, 25.5, 52.1, 21, 
22.3, 15.5, 36.3, 19.1, 38.4, 72.8, 48.9, 21.4, 20.7, 57.3, 40.9
), log10.IDT = c(1.45, 1.49, 1.14, 1.66, 1.41, 1.23, 1.54, 1.79, 
1.45, 1.25, 1.29, 1.32, 1.5, 1.46, 1.78, 1.37, 1.27, 1.33, 1.42, 
1.42, 1.51, 1.64, 1.24, 1.59, 1.49, 1.75, 1.41, 1.72, 1.32, 1.35, 
1.19, 1.56, 1.28, 1.58, 1.86, 1.69, 1.33, 1.32, 1.76, 1.61)), .Names = c("IDT", 
"log10.IDT"), class = "data.frame", row.names = c("1", "2", "3", 
"4", "5", "6", "7", "8", "9", "10", "11", "12", "13", "14", "15", 
"16", "17", "18", "19", "20", "21", "22", "23", "24", "25", "26", 
"27", "28", "29", "30", "31", "32", "33", "34", "35", "36", "37", 
"38", "39", "40"))
