`ex01.35` <-
structure(list(C1 = c(15, 13, 18, 14.5, 12, 11, 8.9, 8)), .Names = "C1", class = "data.frame", row.names = c("1", 
"2", "3", "4", "5", "6", "7", "8"))
