`ex01.11` <-
structure(list(Scores = as.integer(c(74, 89, 80, 93, 64, 67, 
72, 70, 66, 85, 89, 81, 81, 71, 74, 82, 85, 63, 72, 81, 81, 95, 
84, 81, 80, 70, 69, 66, 60, 83, 85, 98, 84, 68, 90, 82, 69, 72, 
87, 88))), .Names = "Scores", class = "data.frame", row.names = c("1", 
"2", "3", "4", "5", "6", "7", "8", "9", "10", "11", "12", "13", 
"14", "15", "16", "17", "18", "19", "20", "21", "22", "23", "24", 
"25", "26", "27", "28", "29", "30", "31", "32", "33", "34", "35", 
"36", "37", "38", "39", "40"))
