`ex01.77` <-
structure(list(C1 = c(0.2, 0.3, 0.5, 0.5, 0.5, 0.6, 0.6, 0.7, 
0.7, 0.7, 0.8, 0.8, 0.8, 1, 1, 1, 1, 1.1, 1.3, 1.5, 1.5, 1.5, 
1.5, 2, 2, 2.2, 2.5, 2.7, 3, 3, 3.3, 3.3, 4, 4, 4.5, 4.7, 5, 
5.4, 5.4, 7, 7.5, 8.8, 9, 10.3, 22, 24.5)), .Names = "C1", class = "data.frame", row.names = c("1", 
"2", "3", "4", "5", "6", "7", "8", "9", "10", "11", "12", "13", 
"14", "15", "16", "17", "18", "19", "20", "21", "22", "23", "24", 
"25", "26", "27", "28", "29", "30", "31", "32", "33", "34", "35", 
"36", "37", "38", "39", "40", "41", "42", "43", "44", "45", "46"
))
