`ex01.67` <-
structure(list(CO.conc = c(9.3, 10.7, 8.5, 9.6, 12.2, 15.6, 9.2, 
10.5, 9, 13.2, 11, 8.8, 13.7, 12.1, 9.8)), .Names = "CO.conc", class = "data.frame", row.names = c("1", 
"2", "3", "4", "5", "6", "7", "8", "9", "10", "11", "12", "13", 
"14", "15"))
