`ex01.38` <-
structure(list(C1 = c(118.6, 127.4, 138.4, 130, 113.7, 122, 108.3, 
131.5, 133.2)), .Names = "C1", class = "data.frame", row.names = c("1", 
"2", "3", "4", "5", "6", "7", "8", "9"))
