`ex04.94` <-
structure(list(precip = c(0.77, 1.2, 3, 1.62, 2.81, 2.48, 1.74, 
0.47, 3.09, 1.31, 1.87, 0.96, 0.81, 1.43, 1.51, 0.32, 1.18, 1.89, 
1.2, 3.37, 2.1, 0.59, 1.35, 0.9, 1.95, 2.2, 0.52, 0.81, 4.75, 
2.05)), .Names = "precip", class = "data.frame", row.names = c("1", 
"2", "3", "4", "5", "6", "7", "8", "9", "10", "11", "12", "13", 
"14", "15", "16", "17", "18", "19", "20", "21", "22", "23", "24", 
"25", "26", "27", "28", "29", "30"))
