`ex04.86` <-
structure(list(loadlife = c(47.1, 68.1, 68.1, 90.8, 103.6, 106, 
115, 126, 146.6, 229, 240, 240, 278, 278, 289, 289, 367, 385.9, 
392, 505)), .Names = "loadlife", class = "data.frame", row.names = c("1", 
"2", "3", "4", "5", "6", "7", "8", "9", "10", "11", "12", "13", 
"14", "15", "16", "17", "18", "19", "20"))
