`ex04.90` <-
structure(list(obsv = c(0.47, 0.58, 0.65, 0.69, 0.72, 0.74, 0.77, 
0.79, 0.8, 0.81, 0.82, 0.84, 0.86, 0.89, 0.91, 0.95, 1.01, 1.04
), p = c(0.0278, 0.0833, 0.1389, 0.1944, 0.25, 0.3056, 0.3611, 
0.4167, 0.4722, 0.5278, 0.5833, 0.6389, 0.6944, 0.75, 0.8056, 
0.8611, 0.9167, 0.9722)), .Names = c("obsv", "p"), class = "data.frame", row.names = c("1", 
"2", "3", "4", "5", "6", "7", "8", "9", "10", "11", "12", "13", 
"14", "15", "16", "17", "18"))
