`ex04.88` <-
structure(list(lifetime = c(152.7, 172, 172.5, 173.3, 193, 204.7, 
216.5, 234.9, 262.6, 422.6)), .Names = "lifetime", class = "data.frame", row.names = c("1", 
"2", "3", "4", "5", "6", "7", "8", "9", "10"))
