`ex04.91` <-
structure(list(failtime = c(82.8, 11.6, 359.5, 502.5, 307.8, 
179.7, 242, 26.5, 244.8, 304.3, 379.1, 212.6, 229.9, 558.9, 366.7, 
204.6)), .Names = "failtime", class = "data.frame", row.names = c("1", 
"2", "3", "4", "5", "6", "7", "8", "9", "10", "11", "12", "13", 
"14", "15", "16"))
