`ex06.15` <-
structure(list(C1 = c(16.88, 10.23, 4.59, 6.66, 13.68, 14.23, 
19.87, 9.4, 6.51, 10.95)), .Names = "C1", class = "data.frame", row.names = c("1", 
"2", "3", "4", "5", "6", "7", "8", "9", "10"))
