`ex06.03` <-
structure(list(C1 = c(0.83, 0.88, 0.88, 1.04, 1.09, 1.12, 1.29, 
1.31, 1.48, 1.49, 1.59, 1.62, 1.65, 1.71, 1.76, 1.83)), .Names = "C1", class = "data.frame", row.names = c("1", 
"2", "3", "4", "5", "6", "7", "8", "9", "10", "11", "12", "13", 
"14", "15", "16"))
