`ex06.02` <-
structure(list(C1 = structure(as.integer(c(2, 5, 5, 3, 5, 1, 
5, 5, 4, 1, 3, 4, 4, 5, 3, 1, 5, 5, 5, 3, 5)), .Label = c("C", 
"C1", "H", "S", "T"), class = "factor")), .Names = "C1", class = "data.frame", row.names = c("1", 
"2", "3", "4", "5", "6", "7", "8", "9", "10", "11", "12", "13", 
"14", "15", "16", "17", "18", "19", "20", "21"))
