`ex06.25` <-
structure(list(C1 = as.integer(c(392, 376, 401, 367, 389, 362, 
409, 415, 358, 375))), .Names = "C1", class = "data.frame", row.names = c("1", 
"2", "3", "4", "5", "6", "7", "8", "9", "10"))
