`ex06.04` <-
structure(list(C1 = c(6.1, 5.8, 7.8, 7.1, 7.2, 9.2, 6.6, 8.3, 
7, 8.3, 7.8, 8.1, 7.4, 8.5, 8.9, 9.8, 9.7, 14.1, 12.6, 11.2)), .Names = "C1", class = "data.frame", row.names = c("1", 
"2", "3", "4", "5", "6", "7", "8", "9", "10", "11", "12", "13", 
"14", "15", "16", "17", "18", "19", "20"))
