`ex06.06` <-
structure(list(Strmflow = c(127.96, 210.07, 203.24, 108.91, 178.21, 
285.37, 100.85, 89.59, 185.36, 126.94, 200.19, 66.24, 247.11, 
299.87, 109.64, 125.86, 114.79, 109.11, 330.33, 85.54, 117.64, 
302.74, 280.55, 145.11, 95.36, 204.91, 311.13, 150.58, 262.09, 
477.08, 94.33)), .Names = "Strmflow", class = "data.frame", row.names = c("1", 
"2", "3", "4", "5", "6", "7", "8", "9", "10", "11", "12", "13", 
"14", "15", "16", "17", "18", "19", "20", "21", "22", "23", "24", 
"25", "26", "27", "28", "29", "30", "31"))
