`ex07.56` <-
structure(list(C1 = c(167.9, 180.8, 184.8, 189.8, 194.8, 200.2, 
201.9, 206.9, 207.2, 208.4, 226.3, 227.7, 228.5, 232.4, 239.8, 
258.6)), .Names = "C1", class = "data.frame", row.names = c("1", 
"2", "3", "4", "5", "6", "7", "8", "9", "10", "11", "12", "13", 
"14", "15", "16"))
