`ex07.58` <-
structure(list(C1 = c(2.84, 3.54, 2.8, 1.44, 2.94, 2.7)), .Names = "C1", class = "data.frame", row.names = c("1", 
"2", "3", "4", "5", "6"))
