`ex07.33` <-
structure(list(C1 = as.integer(c(418, 421, 421, 422, 425, 427, 
431, 434, 437, 439, 446, 447, 448, 453, 454, 463, 465))), .Names = "C1", class = "data.frame", row.names = c("1", 
"2", "3", "4", "5", "6", "7", "8", "9", "10", "11", "12", "13", 
"14", "15", "16", "17"))
