`ex07.49` <-
structure(list(C1 = c(23.5, 31.5, 34, 46.7, 45.6, 32.5, 41.4, 
37.2, 42.5, 46.9, 51.5, 36.4, 44.5, 35.7, 33.5, 39.3, 22, 51.2
)), .Names = "C1", class = "data.frame", row.names = c("1", "2", 
"3", "4", "5", "6", "7", "8", "9", "10", "11", "12", "13", "14", 
"15", "16", "17", "18"))
