`ex07.46` <-
structure(list(C1 = c(26.7, 25.8, 24, 24.9, 26.4, 25.9, 24.4, 
21.7, 24.1, 25.9, 27.3, 26.9, 27.3, 24.8, 23.6)), .Names = "C1", class = "data.frame", row.names = c("1", 
"2", "3", "4", "5", "6", "7", "8", "9", "10", "11", "12", "13", 
"14", "15"))
