`ex07.10` <-
structure(list(C1 = c(2, 1.3, 6, 1.9, 5.1, 0.4, 1, 5.3, 15.7, 
0.7, 4.8, 0.9, 12.2, 5.3, 0.6)), .Names = "C1", class = "data.frame", row.names = c("1", 
"2", "3", "4", "5", "6", "7", "8", "9", "10", "11", "12", "13", 
"14", "15"))
