`ex08.66` <-
structure(list(SoilHeat = c(34.7, 35.4, 34.7, 37.7, 32.5, 28, 
18.4, 24.9)), .Names = "SoilHeat", class = "data.frame", row.names = c("1", 
"2", "3", "4", "5", "6", "7", "8"))
