`ex08.70` <-
structure(list(time = c(9.85, 9.93, 9.75, 9.77, 9.67, 9.87, 9.67, 
9.94, 9.85, 9.75, 9.83, 9.92, 9.74, 9.99, 9.88, 9.95, 9.95, 9.93, 
9.92, 9.89)), .Names = "time", class = "data.frame", row.names = c("1", 
"2", "3", "4", "5", "6", "7", "8", "9", "10", "11", "12", "13", 
"14", "15", "16", "17", "18", "19", "20"))
