`ex08.56` <-
structure(list(percorg = c(1.1, 5.09, 0.97, 1.59, 4.6, 0.32, 
0.55, 1.45, 0.14, 4.47, 1.2, 3.5, 5.02, 4.67, 5.22, 2.69, 3.98, 
3.17, 3.03, 2.21, 0.69, 4.47, 3.31, 1.17, 0.76, 1.17, 1.57, 2.62, 
1.66, 2.05)), .Names = "percorg", class = "data.frame", row.names = c("1", 
"2", "3", "4", "5", "6", "7", "8", "9", "10", "11", "12", "13", 
"14", "15", "16", "17", "18", "19", "20", "21", "22", "23", "24", 
"25", "26", "27", "28", "29", "30"))
