`ex08.83` <-
structure(list(C1 = as.integer(c(95, 16, 11, 3, 42, 71, 225, 
64, 87, 123))), .Names = "C1", class = "data.frame", row.names = c("1", 
"2", "3", "4", "5", "6", "7", "8", "9", "10"))
