`ex08.32` <-
structure(list(C1 = c(105.6, 90.9, 91.2, 96.9, 96.5, 91.3, 100.1, 
105, 99.6, 107.7, 103.3, 92.4)), .Names = "C1", class = "data.frame", row.names = c("1", 
"2", "3", "4", "5", "6", "7", "8", "9", "10", "11", "12"))
