`ex09.36` <-
structure(list(Fabric = as.integer(c(1, 2, 3, 4, 5, 6, 7, 8)), 
    U = c(36.4, 55, 51.5, 38.7, 43.2, 48.8, 25.6, 49.8), A = c(28.5, 
    20, 46, 34.5, 36.5, 52.5, 26.5, 46.5)), .Names = c("Fabric", 
"U", "A"), class = "data.frame", row.names = c("1", "2", "3", 
"4", "5", "6", "7", "8"))
