`ex09.40` <-
structure(list(Period = as.integer(c(1, 2, 3, 4, 5, 6, 7, 8, 
9, 10, 11, 12, 13, 14, 15, 16)), Pipe = c(6.64, 7.89, 1.83, 0.42, 
0.85, 0.29, 0.57, 0.63, 0.32, 0.37, 0, 0.11, 4.86, 1.8, 0.23, 
0.58), Brush = c(9.73, 8.21, 2.17, 0.75, 1.61, 0.75, 0.83, 0.56, 
0.76, 0.32, 0.48, 0.52, 5.38, 2.33, 0.91, 0.79)), .Names = c("Period", 
"Pipe", "Brush"), class = "data.frame", row.names = c("1", "2", 
"3", "4", "5", "6", "7", "8", "9", "10", "11", "12", "13", "14", 
"15", "16"))
