`ex09.43` <-
structure(list(c1 = as.integer(c(-24, -12, -55, -15, -30, -60, 
-14, -21, -48, -12, -25, -53, -61, -69, -80))), .Names = "c1", class = "data.frame", row.names = c("1", 
"2", "3", "4", "5", "6", "7", "8", "9", "10", "11", "12", "13", 
"14", "15"))
