`ex09.82` <-
structure(list(expend = c(14.4, 12.1, 14.3, 14.2, 15.2, 15.5, 
17.8), intake = c(14.6, 9.2, 11.8, 11.6, 12.7, 15, 16.3)), .Names = c("expend", 
"intake"), class = "data.frame", row.names = c("1", "2", "3", 
"4", "5", "6", "7"))
