`ex09.31` <-
structure(list(C1 = as.integer(c(429, 430, 430, 431, 436, 437, 
440, 441, 445, 446, 447))), .Names = "C1", class = "data.frame", row.names = c("1", 
"2", "3", "4", "5", "6", "7", "8", "9", "10", "11"))
