`ex09.68` <-
structure(list(Pitcher.sampling = c(101.1, 111.1, 107.6, 98.1, 
99.5, 98.7, 103.3, 108.9, 109.1, 104.1, 110, 98.4, 105.1, 104.5, 
105.7, 103.3, 100.3, 102.6, 101.7, 105.4, 99.6, 103.3, 102.1, 
104.3), Block.sampling = c(107.1, 105, 98, 97.9, 103.3, 104.6, 
100.1, 98.2, 97.9, 103.2, 96.9, NA, NA, NA, NA, NA, NA, NA, NA, 
NA, NA, NA, NA, NA)), .Names = c("Pitcher.sampling", "Block.sampling"
), class = "data.frame", row.names = c("1", "2", "3", "4", "5", 
"6", "7", "8", "9", "10", "11", "12", "13", "14", "15", "16", 
"17", "18", "19", "20", "21", "22", "23", "24"))
