`ex09.28` <-
structure(list(YF = as.integer(c(29, 34, 33, 27, 28, 32, 31, 
34, 32, 27)), OF = as.integer(c(18, 15, 23, 13, 12, NA, NA, NA, 
NA, NA))), .Names = c("YF", "OF"), class = "data.frame", row.names = c("1", 
"2", "3", "4", "5", "6", "7", "8", "9", "10"))
