`ex09.72` <-
structure(list(Motor = as.integer(c(1, 2, 3, 4, 5, 6, 7, 8, 9, 
10, 11, 12, 13, 14, 15, 16, 17)), Commutator = as.integer(c(211, 
273, 305, 258, 270, 209, 223, 288, 296, 233, 262, 291, 278, 275, 
210, 272, 264)), Pinion = as.integer(c(226, 278, 259, 244, 273, 
236, 290, 287, 315, 242, 288, 242, 278, 208, 281, 274, 268))), .Names = c("Motor", 
"Commutator", "Pinion"), class = "data.frame", row.names = c("1", 
"2", "3", "4", "5", "6", "7", "8", "9", "10", "11", "12", "13", 
"14", "15", "16", "17"))
