`ex09.44` <-
structure(list(X1min = as.integer(c(10490, 16620, 17300, 15480, 
12970, 17260, 13400, 13900, 13630, 13260, 14370, 11700, 15470, 
17840, 14070, 14760)), X4weeks = as.integer(c(9110, 13250, 14720, 
12740, 10120, 14570, 11220, 11100, 11420, 10910, 12110, 8620, 
12590, 15090, 10550, 12230))), .Names = c("X1min", "X4weeks"), class = "data.frame", row.names = c("1", 
"2", "3", "4", "5", "6", "7", "8", "9", "10", "11", "12", "13", 
"14", "15", "16"))
