`ex09.38` <-
structure(list(Test.condition = as.integer(c(1, 2, 3, 4, 5, 6, 
7, 8, 9, 10, 11, 12, 13, 14, 15)), Normal = c(42.8, 55.6, 49, 
48.7, 44.1, 55.4, 50.1, 45.7, 51.4, 43.1, 46.8, 46.7, 47.7, 45.8, 
45.4), High = c(90.9, 93.1, 86.3, 90.3, 88.5, 88.1, 93.2, 90.8, 
90.1, 92.6, 88.2, 88.6, 91, 90, 90.1)), .Names = c("Test.condition", 
"Normal", "High"), class = "data.frame", row.names = c("1", "2", 
"3", "4", "5", "6", "7", "8", "9", "10", "11", "12", "13", "14", 
"15"))
