`ex09.37` <-
structure(list(House = as.integer(c(1, 2, 3, 4, 5, 6, 7, 8, 9, 
10, 11, 12, 13, 14, 15, 16, 17, 18, 19, 20, 21, 22, 23, 24, 25, 
26, 27, 28, 29, 30, 31, 32, 33)), Indoor = c(0.07, 0.08, 0.09, 
0.12, 0.12, 0.12, 0.13, 0.14, 0.15, 0.15, 0.17, 0.17, 0.18, 0.18, 
0.18, 0.18, 0.19, 0.2, 0.22, 0.22, 0.23, 0.23, 0.25, 0.26, 0.28, 
0.28, 0.29, 0.34, 0.39, 0.4, 0.45, 0.54, 0.62), Outdoor = c(0.29, 
0.09, 0.47, 0.54, 0.97, 0.35, 0.49, 0.84, 0.86, 0.28, 0.32, 0.32, 
1.55, 0.66, 0.29, 0.21, 1.02, 1.59, 0.9, 0.52, 0.12, 0.54, 0.88, 
0.49, 1.24, 0.48, 0.27, 0.37, 1.26, 0.7, 0.76, 0.99, 0.36)), .Names = c("House", 
"Indoor", "Outdoor"), class = "data.frame", row.names = c("1", 
"2", "3", "4", "5", "6", "7", "8", "9", "10", "11", "12", "13", 
"14", "15", "16", "17", "18", "19", "20", "21", "22", "23", "24", 
"25", "26", "27", "28", "29", "30", "31", "32", "33"))
