`ex09.77` <-
structure(list(Twist.multiple = c(1.054, 1.141, 1.245, 1.37, 
1.481), Control.strength = c(0.45, 0.6, 0.61, 0.73, 0.69), Heated.strength = c(0.51, 
0.59, 0.63, 0.73, 0.74)), .Names = c("Twist.multiple", "Control.strength", 
"Heated.strength"), class = "data.frame", row.names = c("1", 
"2", "3", "4", "5"))
