`ex09.88` <-
structure(list(C1 = structure(as.integer(c(1, 2)), .Label = c("Carpeted:", 
"Uncarpeted:"), class = "factor"), C2 = c(11.8, 12.1), C3 = c(8.2, 
8.3), C4 = c(7.1, 3.8), C5 = c(13, 7.2), C6 = c(10.8, 12), C7 = c(10.1, 
11.1), C8 = c(14.6, 10.1), C9 = c(14, 13.7)), .Names = c("C1", 
"C2", "C3", "C4", "C5", "C6", "C7", "C8", "C9"), class = "data.frame", row.names = c("1", 
"2"))
