`ex09.41` <-
structure(list(Subject = as.integer(c(1, 2, 3, 4, 5, 6, 7, 8, 
9)), Black = c(25.85, 28.84, 32.05, 25.74, 20.89, 41.05, 25.01, 
24.96, 27.47), White = c(18.23, 20.84, 22.96, 19.68, 19.5, 24.98, 
16.61, 16.07, 24.59)), .Names = c("Subject", "Black", "White"
), class = "data.frame", row.names = c("1", "2", "3", "4", "5", 
"6", "7", "8", "9"))
