`ex09.23` <-
structure(list(H = c(1.2, 0.9, 0.7, 1, 1.7, 1.7, 1.1, 0.9, 1.7, 
1.9, 1.3, 2.1, 1.6, 1.8, 1.4, 1.3, 1.9, 1.6, 0.8, 2, 1.7, 1.6, 
2.3, 2), P = c(1.6, 1.5, 1.1, 2.1, 1.5, 1.3, 1, 2.6, NA, NA, 
NA, NA, NA, NA, NA, NA, NA, NA, NA, NA, NA, NA, NA, NA)), .Names = c("H", 
"P"), class = "data.frame", row.names = c("1", "2", "3", "4", 
"5", "6", "7", "8", "9", "10", "11", "12", "13", "14", "15", 
"16", "17", "18", "19", "20", "21", "22", "23", "24"))
