`ex09.39` <-
structure(list(Infant = as.integer(c(1, 2, 3, 4, 5, 6, 7, 8, 
9, 10, 11, 12, 13, 14)), Isotopic.method = as.integer(c(1509, 
1418, 1561, 1556, 2169, 1760, 1098, 1198, 1479, 1281, 1414, 1954, 
2174, 2058)), Test = as.integer(c(1498, 1254, 1336, 1565, 2000, 
1318, 1410, 1129, 1342, 1124, 1468, 1604, 1722, 1518)), Difference = as.integer(c(11, 
164, 225, -9, 169, 442, -312, 69, 137, 157, -54, 350, 452, 540
))), .Names = c("Infant", "Isotopic.method", "Test", "Difference"
), class = "data.frame", row.names = c("1", "2", "3", "4", "5", 
"6", "7", "8", "9", "10", "11", "12", "13", "14"))
