`ex09.79` <-
structure(list(Good.visibility = c(0.43, 1.17, 0.37, 0.47, 0.68, 
0.58, 0.5, 2.75), Poor.visibility = c(1.47, 0.8, 1.58, 1.53, 
4.33, 4.23, 3.25, 3.22)), .Names = c("Good.visibility", "Poor.visibility"
), class = "data.frame", row.names = c("1", "2", "3", "4", "5", 
"6", "7", "8"))
