`ex09.66` <-
structure(list(Fertilizer.plots = as.integer(c(1024, 1216, 1312, 
1280, 1216, 1312, 992, 1120)), Control.plots = as.integer(c(1104, 
1072, 1088, 1328, 1376, 1280, 1120, 1200))), .Names = c("Fertilizer.plots", 
"Control.plots"), class = "data.frame", row.names = c("1", "2", 
"3", "4", "5", "6", "7", "8"))
