`ex10.36` <-
structure(list(L.D = c(29.3, 4.99, 30.2, 3.82), R = c(28, 5.33, 
28.8, 5.26), R.L = c(30.2, 3.33, 26.2, 4.66), C = c(32.4, 2.94, 
31.1, 4.91), C.L = c(34.2, 2.74, 30.2, 3.53)), .Names = c("L.D", 
"R", "R.L", "C", "C.L"), class = "data.frame", row.names = c("1", 
"2", "3", "4"))
