`ex10.26` <-
structure(list(Imperial = c(14.1, 13.6, 14.4, 14.3, NA), Parkay = c(12.8, 
12.5, 13.4, 13, 12.3), Blue.Bonnet = c(13.5, 13.4, 14.1, 14.3, 
NA), Chiffon = c(13.2, 12.7, 12.6, 13.9, NA), Mazola = c(16.8, 
17.2, 16.4, 17.3, 18), Fleischmann = c(18.1, 17.2, 18.7, 18.4, 
NA)), .Names = c("Imperial", "Parkay", "Blue.Bonnet", "Chiffon", 
"Mazola", "Fleischmann"), class = "data.frame", row.names = c("1", 
"2", "3", "4", "5"))
