`ex10.44` <-
structure(list(OCM = c(32.15, 35.53, 34.2), PIM = c(126.32, 126.8, 
134.79), RM = c(117.91, 115.02, 114.58), PCM = c(29.09, 30.87, 
29.8)), .Names = c("OCM", "PIM", "RM", "PCM"), class = "data.frame", row.names = c("1", 
"2", "3"))
