`ex10.08` <-
structure(list(stiffness = c(309.2, 409.5, 311, 326.5, 316.8, 
349.8, 309.7, 402.1, 347.2, 361, 404.5, 331, 348.9, 381.7, 392.4, 
366.2, 351, 357.1, 409.9, 367.3, 382, 346.7, 452.9, 461.4, 433.1, 
410.6, 384.2, 362.6, 407.4, 441.8, 419.9, 410.7, 473.4, 441.2, 
465.8), plate.lengths = as.integer(c(4, 4, 4, 4, 4, 4, 4, 6, 
6, 6, 6, 6, 6, 6, 8, 8, 8, 8, 8, 8, 8, 10, 10, 10, 10, 10, 10, 
10, 12, 12, 12, 12, 12, 12, 12))), .Names = c("stiffness", "plate.lengths"
), class = "data.frame", row.names = c("1", "2", "3", "4", "5", 
"6", "7", "8", "9", "10", "11", "12", "13", "14", "15", "16", 
"17", "18", "19", "20", "21", "22", "23", "24", "25", "26", "27", 
"28", "29", "30", "31", "32", "33", "34", "35"))
