`ex10.42` <-
structure(list(cff = c(26.8, 27.9, 23.7, 25, 26.3, 24.8, 25.7, 
24.5, 26.4, 24.2, 28, 26.9, 29.1, 25.7, 27.2, 29.9, 28.5, 29.4, 
28.3), color = structure(as.integer(c(2, 2, 2, 2, 2, 2, 2, 2, 
3, 3, 3, 3, 3, 1, 1, 1, 1, 1, 1)), .Label = c("Blue", "Brown", 
"Green"), class = "factor")), .Names = c("cff", "color"), row.names = c("1", 
"2", "3", "4", "5", "6", "7", "8", "9", "10", "11", "12", "13", 
"14", "15", "16", "17", "18", "19"), class = "data.frame")
