`ex10.41` <-
structure(list(Lab.1 = c(85.06, 85.25, 84.87), Lab.2 = c(84.99, 
84.28, 84.88), Lab.3 = c(84.48, 84.72, 85.1), Lab.4 = c(84.1, 
84.55, 84.05)), .Names = c("Lab.1", "Lab.2", "Lab.3", "Lab.4"
), class = "data.frame", row.names = c("1", "2", "3"))
