`ex10.09` <-
structure(list(thiamin = c(5.2, 4.5, 6, 6.1, 6.7, 5.8, 6.5, 8, 
6.1, 7.5, 5.9, 5.6, 5.8, 4.7, 6.4, 4.9, 6, 5.2, 8.3, 6.1, 7.8, 
7, 5.5, 7.2), type = structure(as.integer(c(4, 4, 4, 4, 4, 4, 
1, 1, 1, 1, 1, 1, 2, 2, 2, 2, 2, 2, 3, 3, 3, 3, 3, 3)), .Label = c("Barley", 
"Maize", "Oats", "Wheat"), class = "factor")), .Names = c("thiamin", 
"type"), class = "data.frame", row.names = c("1", "2", "3", "4", 
"5", "6", "7", "8", "9", "10", "11", "12", "13", "14", "15", 
"16", "17", "18", "19", "20", "21", "22", "23", "24"))
