`ex10.27` <-
structure(list(Brand.1 = c(7.9, 6.2, 6.6, 8.6, 8.9, 10.1), Brand.2 = c(5.7, 
7.5, 9.8, 6.1, 8.4, NA), Brand.3 = c(6.8, 7.5, 5, 7.4, 5.3, 6.1
), Brand.4 = c(6.4, 7.1, 7.9, 4.5, 5, 4)), .Names = c("Brand.1", 
"Brand.2", "Brand.3", "Brand.4"), class = "data.frame", row.names = c("1", 
"2", "3", "4", "5", "6"))
