`ex10.22` <-
structure(list(level.1.6 = c(59.5, 53.3, 56.8, 63.1, 58.7), level.3.8 = c(55.2, 
59.1, 52.8, 54.5, NA), level.6.0 = c(51.7, 48.8, 53.9, 49, NA
), level.10.2 = c(44.6, 48.5, 41, 47.3, 46.1)), .Names = c("level.1.6", 
"level.3.8", "level.6.0", "level.10.2"), class = "data.frame", row.names = c("1", 
"2", "3", "4", "5"))
