`ex10.06` <-
structure(list(Fe = c(20.5, 28.1, 27.8, 27, 28, 25.2, 25.3, 27.1, 
20.5, 31.3, 26.3, 24, 26.2, 20.2, 23.7, 34, 17.1, 26.8, 23.7, 
24.9, 29.5, 34, 27.5, 29.4, 27.9, 26.2, 29.9, 29.5, 30, 35.6, 
36.5, 44.2, 34.1, 30.3, 31.4, 33.1, 34.1, 32.9, 36.3, 25.5), 
    formation.group = as.integer(c(1, 1, 1, 1, 1, 1, 1, 1, 1, 
    1, 2, 2, 2, 2, 2, 2, 2, 2, 2, 2, 3, 3, 3, 3, 3, 3, 3, 3, 
    3, 3, 4, 4, 4, 4, 4, 4, 4, 4, 4, 4))), .Names = c("Fe", "formation.group"
), class = "data.frame", row.names = c("1", "2", "3", "4", "5", 
"6", "7", "8", "9", "10", "11", "12", "13", "14", "15", "16", 
"17", "18", "19", "20", "21", "22", "23", "24", "25", "26", "27", 
"28", "29", "30", "31", "32", "33", "34", "35", "36", "37", "38", 
"39", "40"))
