`ex11.52` <-
structure(list(Response = as.integer(c(1155, 123, 68, 62, 2255, 
406, 416, 75, 3505, 564, 662, 362, 4632, 416, 379, 564)), Sowing.Rate.kg.ha = c(3.6, 
3.6, 3.6, 3.6, 6.6, 6.6, 6.6, 6.6, 10.2, 10.2, 10.2, 10.2, 13.5, 
13.5, 13.5, 13.5), Plot = as.integer(c(1, 2, 3, 4, 1, 2, 3, 4, 
1, 2, 3, 4, 1, 2, 3, 4))), .Names = c("Response", "Sowing.Rate.kg.ha", 
"Plot"), class = "data.frame", row.names = c("1", "2", "3", "4", 
"5", "6", "7", "8", "9", "10", "11", "12", "13", "14", "15", 
"16"))
