`ex11.08` <-
structure(list(epiniphr = c(0.28, 0.3, 1.07, 0.51, 0.39, 1.35, 
1, 0.63, 0.69, 0.39, 0.38, 0.28, 0.29, 0.21, 1.24, 0.36, 0.88, 
1.53, 0.32, 0.39, 0.49, 0.69, 0.51, 0.56, 0.17, 0.32, 1.02, 0.33, 
0.42, 0.3), Anesthet = structure(as.integer(c(1, 2, 3, 1, 2, 
3, 1, 2, 3, 1, 2, 3, 1, 2, 3, 1, 2, 3, 1, 2, 3, 1, 2, 3, 1, 2, 
3, 1, 2, 3)), .Label = c("1", "2", "3"), class = "factor"), Subject = structure(as.integer(c(1, 
1, 1, 2, 2, 2, 3, 3, 3, 4, 4, 4, 5, 5, 5, 6, 6, 6, 7, 7, 7, 8, 
8, 8, 9, 9, 9, 10, 10, 10)), .Label = c("1", "2", "3", "4", "5", 
"6", "7", "8", "9", "10"), class = "factor")), .Names = c("epiniphr", 
"Anesthet", "Subject"), class = "data.frame", row.names = c("1", 
"2", "3", "4", "5", "6", "7", "8", "9", "10", "11", "12", "13", 
"14", "15", "16", "17", "18", "19", "20", "21", "22", "23", "24", 
"25", "26", "27", "28", "29", "30"))
