`ex11.61` <-
structure(list(weight = as.integer(c(65, 84, 105, 119, 97, 82, 
109, 129, 72, 59, 108, 73, 89, 76, 94, 101, 97, 89, 117, 78, 
126, 83, 52, 84, 106)), volume = structure(as.integer(c(1, 2, 
3, 4, 5, 1, 2, 3, 4, 5, 1, 2, 3, 4, 5, 1, 2, 3, 4, 5, 1, 2, 3, 
4, 5)), .Label = c("1", "2", "3", "4", "5"), class = "factor"), 
    color = structure(as.integer(c(1, 1, 1, 1, 1, 2, 2, 2, 2, 
    2, 3, 3, 3, 3, 3, 4, 4, 4, 4, 4, 5, 5, 5, 5, 5)), .Label = c("1", 
    "2", "3", "4", "5"), class = "factor"), size = structure(as.integer(c(1, 
    2, 3, 4, 5, 2, 3, 4, 5, 1, 3, 4, 5, 1, 2, 4, 5, 1, 2, 3, 
    5, 1, 2, 3, 4)), .Label = c("1", "2", "3", "4", "5"), class = "factor"), 
    time = structure(as.integer(c(1, 2, 3, 4, 5, 3, 4, 5, 1, 
    2, 5, 1, 2, 3, 4, 2, 3, 4, 5, 1, 4, 5, 1, 2, 3)), .Label = c("1", 
    "2", "3", "4", "5"), class = "factor")), .Names = c("weight", 
"volume", "color", "size", "time"), class = "data.frame", row.names = c("1", 
"2", "3", "4", "5", "6", "7", "8", "9", "10", "11", "12", "13", 
"14", "15", "16", "17", "18", "19", "20", "21", "22", "23", "24", 
"25"))
