`ex11.10` <-
structure(list(Batch = as.integer(c(1, 2, 3, 4, 5, 6, 7, 8, 9, 
10)), Method.A = c(30.7, 29.1, 30, 31.9, 30.5, 26.9, 28.2, 32.4, 
26.6, 28.6), Method.B = c(33.7, 30.6, 32.2, 34.6, 33, 29.3, 28.4, 
32.4, 29.5, 29.4), Method.C = c(30.5, 32.6, 30.5, 33.5, 32.4, 
27.8, 30.7, 33.6, 29.2, 33.2)), .Names = c("Batch", "Method.A", 
"Method.B", "Method.C"), class = "data.frame", row.names = c("1", 
"2", "3", "4", "5", "6", "7", "8", "9", "10"))
