`ex11.57` <-
structure(list(Response = as.integer(c(73, 80, 35, 433, 125, 
111, 157, 155, 91, 98, 234, 233, 332, 322, 288, 271, 477, 464, 
52, 51, 16, 12, 96, 100, 125, 118, 72, 78, 149, 155, 281, 264, 
169, 173, 338, 350, 37, 31, 30, 41, 102, 98, 95, 106, 91, 100, 
170, 160, 276, 281, 213, 211, 307, 311)), Pressure = structure(as.integer(c(2, 
2, 2, 2, 2, 2, 3, 3, 3, 3, 3, 3, 1, 1, 1, 1, 1, 1, 2, 2, 2, 2, 
2, 2, 3, 3, 3, 3, 3, 3, 1, 1, 1, 1, 1, 1, 2, 2, 2, 2, 2, 2, 3, 
3, 3, 3, 3, 3, 1, 1, 1, 1, 1, 1)), .Label = c("Pressure 103.4", 
"Pressure17.2", "Pressure34.4"), class = "factor"), Temp = structure(as.integer(c(3, 
3, 3, 3, 3, 3, 3, 3, 3, 3, 3, 3, 3, 3, 3, 3, 3, 3, 1, 1, 1, 1, 
1, 1, 1, 1, 1, 1, 1, 1, 1, 1, 1, 1, 1, 1, 2, 2, 2, 2, 2, 2, 2, 
2, 2, 2, 2, 2, 2, 2, 2, 2, 2, 2)), .Label = c("50 degrees", "75 degrees", 
"8 degrees"), class = "factor"), Fabric = structure(as.integer(c(1, 
1, 2, 2, 3, 3, 1, 1, 2, 2, 3, 3, 1, 1, 2, 2, 3, 3, 1, 1, 2, 2, 
3, 3, 1, 1, 2, 2, 3, 3, 1, 1, 2, 2, 3, 3, 1, 1, 2, 2, 3, 3, 1, 
1, 2, 2, 3, 3, 1, 1, 2, 2, 3, 3)), .Label = c("420-D", "630-D", 
"840-D"), class = "factor")), .Names = c("Response", "Pressure", 
"Temp", "Fabric"), class = "data.frame", row.names = c("1", "2", 
"3", "4", "5", "6", "7", "8", "9", "10", "11", "12", "13", "14", 
"15", "16", "17", "18", "19", "20", "21", "22", "23", "24", "25", 
"26", "27", "28", "29", "30", "31", "32", "33", "34", "35", "36", 
"37", "38", "39", "40", "41", "42", "43", "44", "45", "46", "47", 
"48", "49", "50", "51", "52", "53", "54"))
