`ex11.31` <-
structure(list(Yield = c(68.5, 73, 68.7, 74.5, 75, 74.6, 70.5, 
72.5, 74.7, 72.8, 80.1, 72, 72, 81.5, 76, 69.5, 84.5, 76, 72.5, 
72.5, 73.1, 75.5, 70, 76, 65, 66.5, 70.5), time = structure(as.integer(c(1, 
1, 1, 2, 2, 2, 3, 3, 3, 1, 1, 1, 2, 2, 2, 3, 3, 3, 1, 1, 1, 2, 
2, 2, 3, 3, 3)), .Label = c("1", "2", "3"), class = "factor"), 
    tempture = structure(as.integer(c(1, 1, 1, 1, 1, 1, 1, 1, 
    1, 2, 2, 2, 2, 2, 2, 2, 2, 2, 3, 3, 3, 3, 3, 3, 3, 3, 3)), .Label = c("1", 
    "2", "3"), class = "factor"), pressure = structure(as.integer(c(1, 
    2, 3, 1, 2, 3, 1, 2, 3, 1, 2, 3, 1, 2, 3, 1, 2, 3, 1, 2, 
    3, 1, 2, 3, 1, 2, 3)), .Label = c("1", "2", "3"), class = "factor")), .Names = c("Yield", 
"time", "tempture", "pressure"), class = "data.frame", row.names = c("1", 
"2", "3", "4", "5", "6", "7", "8", "9", "10", "11", "12", "13", 
"14", "15", "16", "17", "18", "19", "20", "21", "22", "23", "24", 
"25", "26", "27"))
