`ex11.43` <-
structure(list(duration = c(21.6, 21.6, 21.09, 19.57, 21.6, 21.86, 
22.17, 21.85, 11.54, 11.75, 11.14, 11.69, 11.5, 9.82, 11.32, 
11.18), vibratn = structure(as.integer(c(1, 2, 1, 2, 1, 2, 1, 
2, 1, 2, 1, 2, 1, 2, 1, 2)), .Label = c("-1", "1"), class = "factor"), 
    tempture = structure(as.integer(c(1, 1, 2, 2, 1, 1, 2, 2, 
    1, 1, 2, 2, 1, 1, 2, 2)), .Label = c("-1", "1"), class = "factor"), 
    altitude = structure(as.integer(c(1, 1, 1, 1, 2, 2, 2, 2, 
    1, 1, 1, 1, 2, 2, 2, 2)), .Label = c("-1", "1"), class = "factor"), 
    firing = structure(as.integer(c(1, 1, 1, 1, 1, 1, 1, 1, 2, 
    2, 2, 2, 2, 2, 2, 2)), .Label = c("-1", "1"), class = "factor")), .Names = c("duration", 
"vibratn", "tempture", "altitude", "firing"), class = "data.frame", row.names = c("1", 
"2", "3", "4", "5", "6", "7", "8", "9", "10", "11", "12", "13", 
"14", "15", "16"))
