`ex11.50` <-
structure(list(Fabric = structure(as.integer(c(3, 5, 8, 9, 7, 
1, 6, 2, 4, 3, 5, 8, 9, 7, 1, 6, 2, 4, 3, 5, 8, 9, 7, 1, 6, 2, 
4, 3, 5, 8, 9, 7, 1, 6, 2, 4, 3, 5, 8, 9, 7, 1, 6, 2, 4)), .Label = c("Broadcloth", 
"Corduroy", "Crepe", "Denim", "Double knit", "Sheeting", "Terry", 
"Twill", "Twill mix"), class = "factor"), Response = c(3.3, 3.6, 
4.2, 3.4, 3.8, 2.2, 3.5, 3.6, 2.6, 2.5, 2, 3.4, 2.4, 1.3, 1.5, 
2.1, 1.3, 1.4, 2.8, 3.6, 3.8, 2.9, 2.8, 2.7, 2.8, 2.8, 2.4, 2.5, 
2.4, 3.1, 1.6, 2, 1.5, 2.1, 1.7, 1.3, 1.9, 2.3, 3.1, 1.7, 1.6, 
1.9, 2.2, 1.8, 1.6), Drying = as.integer(c(1, 1, 1, 1, 1, 1, 
1, 1, 1, 2, 2, 2, 2, 2, 2, 2, 2, 2, 3, 3, 3, 3, 3, 3, 3, 3, 3, 
4, 4, 4, 4, 4, 4, 4, 4, 4, 5, 5, 5, 5, 5, 5, 5, 5, 5))), .Names = c("Fabric", 
"Response", "Drying"), class = "data.frame", row.names = c("1", 
"2", "3", "4", "5", "6", "7", "8", "9", "10", "11", "12", "13", 
"14", "15", "16", "17", "18", "19", "20", "21", "22", "23", "24", 
"25", "26", "27", "28", "29", "30", "31", "32", "33", "34", "35", 
"36", "37", "38", "39", "40", "41", "42", "43", "44", "45"))
