`ex11.40` <-
structure(list(sizing = c(9.72, 13.5, 9.8, 14.04, 10.13, 11.27, 
11.8, 11.3, 12.7, 11.37, 11.96, 12.05, 11.38, 9.92, 11.8, 11.1, 
13.15, 13, 10.6, 12.37, 10.37, 12, 11.3, 11.64, 13.05, 14.55, 
11.15, 15, 12.7, 14.1, 13.2, 16.12), conc = structure(as.integer(c(1, 
1, 2, 2, 1, 1, 2, 2, 1, 1, 2, 2, 1, 1, 2, 2, 1, 1, 2, 2, 1, 1, 
2, 2, 1, 1, 2, 2, 1, 1, 2, 2)), .Label = c("50", "75"), class = "factor"), 
    pH = structure(as.integer(c(1, 1, 1, 1, 2, 2, 2, 2, 1, 1, 
    1, 1, 2, 2, 2, 2, 1, 1, 1, 1, 2, 2, 2, 2, 1, 1, 1, 1, 2, 
    2, 2, 2)), .Label = c("6", "7"), class = "factor"), tempture = structure(as.integer(c(1, 
    1, 1, 1, 1, 1, 1, 1, 2, 2, 2, 2, 2, 2, 2, 2, 1, 1, 1, 1, 
    1, 1, 1, 1, 2, 2, 2, 2, 2, 2, 2, 2)), .Label = c("60", "70"
    ), class = "factor"), time = structure(as.integer(c(1, 1, 
    1, 1, 1, 1, 1, 1, 1, 1, 1, 1, 1, 1, 1, 1, 2, 2, 2, 2, 2, 
    2, 2, 2, 2, 2, 2, 2, 2, 2, 2, 2)), .Label = c("6", "8"), class = "factor")), .Names = c("sizing", 
"conc", "pH", "tempture", "time"), class = "data.frame", row.names = c("1", 
"2", "3", "4", "5", "6", "7", "8", "9", "10", "11", "12", "13", 
"14", "15", "16", "17", "18", "19", "20", "21", "22", "23", "24", 
"25", "26", "27", "28", "29", "30", "31", "32"))
