`ex11.56` <-
structure(list(C1 = c(1.2, 1.4, 1, 1.2, 1.4, 0.8, 0.6, 0.8, 1, 
0.8, 1, 1, 1.2, 1.4, 1.2, 1.4, 1.6, 1.6, 1.6, 1.4, 1, 1.2, 1.2, 
1.4, 1.4, 1.2, 1.4, 1.2, 1.2, 1.4), C2 = structure(as.integer(c(1, 
1, 1, 1, 1, 2, 2, 2, 2, 2, 3, 3, 3, 3, 3, 1, 1, 1, 1, 1, 2, 2, 
2, 2, 2, 3, 3, 3, 3, 3)), .Label = c("pH 3", "pH 5.5", "pH 7"
), class = "factor"), C3 = structure(as.integer(c(1, 1, 1, 1, 
1, 1, 1, 1, 1, 1, 1, 1, 1, 1, 1, 2, 2, 2, 2, 2, 2, 2, 2, 2, 2, 
2, 2, 2, 2, 2)), .Label = c("Diseased", "Healthy"), class = "factor")), .Names = c("C1", 
"C2", "C3"), class = "data.frame", row.names = c("1", "2", "3", 
"4", "5", "6", "7", "8", "9", "10", "11", "12", "13", "14", "15", 
"16", "17", "18", "19", "20", "21", "22", "23", "24", "25", "26", 
"27", "28", "29", "30"))
