`ex11.35` <-
structure(list(Moisture = c(6.67, 5.4, 7.32, 4.92, 4.88, 7.15, 
4.77, 8.53, 5, 6.16, 8.29, 5.4, 8.5, 7.29, 7.83, 8.95, 7.54, 
9.99, 7.85, 5.83, 9.62, 6.93, 9.68, 7.08, 8.51), plant = structure(as.integer(c(1, 
2, 3, 4, 5, 1, 2, 3, 4, 5, 1, 2, 3, 4, 5, 1, 2, 3, 4, 5, 1, 2, 
3, 4, 5)), .Label = c("1", "2", "3", "4", "5"), class = "factor"), 
    leafsize = structure(as.integer(c(1, 1, 1, 1, 1, 2, 2, 2, 
    2, 2, 3, 3, 3, 3, 3, 4, 4, 4, 4, 4, 5, 5, 5, 5, 5)), .Label = c("1", 
    "2", "3", "4", "5"), class = "factor"), time = structure(as.integer(c(5, 
    2, 3, 1, 4, 4, 5, 2, 3, 1, 1, 4, 5, 2, 3, 3, 1, 4, 5, 2, 
    2, 3, 1, 4, 5)), .Label = c("1", "2", "3", "4", "5"), class = "factor")), .Names = c("Moisture", 
"plant", "leafsize", "time"), class = "data.frame", row.names = c("1", 
"2", "3", "4", "5", "6", "7", "8", "9", "10", "11", "12", "13", 
"14", "15", "16", "17", "18", "19", "20", "21", "22", "23", "24", 
"25"))
