`ex11.20` <-
structure(list(current = as.integer(c(280, 290, 285, 230, 235, 
240, 300, 310, 295, 260, 240, 235, 270, 285, 290, 220, 225, 230
)), glass = structure(as.integer(c(1, 1, 1, 2, 2, 2, 1, 1, 1, 
2, 2, 2, 1, 1, 1, 2, 2, 2)), .Label = c("1", "2"), class = "factor"), 
    phosphor = structure(as.integer(c(1, 1, 1, 1, 1, 1, 2, 2, 
    2, 2, 2, 2, 3, 3, 3, 3, 3, 3)), .Label = c("1", "2", "3"), class = "factor")), .Names = c("current", 
"glass", "phosphor"), class = "data.frame", row.names = c("1", 
"2", "3", "4", "5", "6", "7", "8", "9", "10", "11", "12", "13", 
"14", "15", "16", "17", "18"))
