`ex11.54` <-
structure(list(Sample.number = as.integer(c(1, 2, 3, 4, 5, 6, 
7, 8)), Factor.A = as.integer(c(-1, 1, -1, 1, -1, 1, -1, 1)), 
    Factor.B = as.integer(c(-1, -1, 1, 1, -1, -1, 1, 1)), Factor.C = as.integer(c(-1, 
    -1, -1, -1, 1, 1, 1, 1)), Resonse.EC50 = as.integer(c(23100, 
    43000, 71400, 76000, 37000, 33200, 17000, 16500))), .Names = c("Sample.number", 
"Factor.A", "Factor.B", "Factor.C", "Resonse.EC50"), class = "data.frame", row.names = c("1", 
"2", "3", "4", "5", "6", "7", "8"))
