`ex11.04` <-
structure(list(Response = as.integer(c(454, 446, 439, 444, 446, 
444, 442, 437, 451, 447, 444, 443)), Paint.Brand = as.integer(c(1, 
2, 3, 4, 1, 2, 3, 4, 1, 2, 3, 4)), Roller.Brand = as.integer(c(1, 
1, 1, 1, 2, 2, 2, 2, 3, 3, 3, 3))), .Names = c("Response", "Paint.Brand", 
"Roller.Brand"), class = "data.frame", row.names = c("1", "2", 
"3", "4", "5", "6", "7", "8", "9", "10", "11", "12"))
