`ex11.16` <-
structure(list(Response = c(189.7, 188.6, 190.1, 185.1, 179.4, 
177.3, 189, 193, 191.1, 165.1, 165.9, 167.6, 161.7, 159.8, 161.6, 
163.3, 166.6, 170.3), Formulat = structure(as.integer(c(1, 1, 
1, 1, 1, 1, 1, 1, 1, 2, 2, 2, 2, 2, 2, 2, 2, 2)), .Label = c("1", 
"2"), class = "factor"), Speed = structure(as.integer(c(1, 1, 
1, 2, 2, 2, 3, 3, 3, 1, 1, 1, 2, 2, 2, 3, 3, 3)), .Label = c("60", 
"70", "80"), class = "factor")), .Names = c("Response", "Formulat", 
"Speed"), class = "data.frame", row.names = c("1", "2", "3", 
"4", "5", "6", "7", "8", "9", "10", "11", "12", "13", "14", "15", 
"16", "17", "18"))
