`ex11.03` <-
structure(list(C1 = structure(as.integer(c(17, 1, 5, 8, 12, 2, 
6, 10, 14, 3, 7, 11, 15, 4, 9, 13, 16)), .Label = c("200", "226", 
"240", "261", "278", "312", "330", "369", "381", "416", "462", 
"500", "517", "575", "645", "733", "C1"), class = "factor"), 
    C2 = structure(as.integer(c(5, 1, 2, 3, 4, 1, 2, 3, 4, 1, 
    2, 3, 4, 1, 2, 3, 4)), .Label = c("1(200)", "2(400)", "3(700)", 
    "4(1100)", "C2"), class = "factor"), C3 = structure(as.integer(c(5, 
    1, 1, 1, 1, 2, 2, 2, 2, 3, 3, 3, 3, 4, 4, 4, 4)), .Label = c("1(190)", 
    "2(250)", "3(300)", "4(400)", "C3"), class = "factor")), .Names = c("C1", 
"C2", "C3"), class = "data.frame", row.names = c("1", "2", "3", 
"4", "5", "6", "7", "8", "9", "10", "11", "12", "13", "14", "15", 
"16", "17"))
