`ex11.39` <-
structure(list(cleaning = as.integer(c(106, 93, 116, 198, 200, 
214, 197, 202, 185, 329, 331, 307, 149, 169, 135, 243, 247, 220, 
255, 230, 252, 383, 360, 364)), detergnt = structure(as.integer(c(1, 
1, 1, 2, 2, 2, 1, 1, 1, 2, 2, 2, 1, 1, 1, 2, 2, 2, 1, 1, 1, 2, 
2, 2)), .Label = c("1", "2"), class = "factor"), carbonat = structure(as.integer(c(1, 
1, 1, 1, 1, 1, 2, 2, 2, 2, 2, 2, 1, 1, 1, 1, 1, 1, 2, 2, 2, 2, 
2, 2)), .Label = c("1", "2"), class = "factor"), cellulos = structure(as.integer(c(1, 
1, 1, 1, 1, 1, 1, 1, 1, 1, 1, 1, 2, 2, 2, 2, 2, 2, 2, 2, 2, 2, 
2, 2)), .Label = c("1", "2"), class = "factor")), .Names = c("cleaning", 
"detergnt", "carbonat", "cellulos"), class = "data.frame", row.names = c("1", 
"2", "3", "4", "5", "6", "7", "8", "9", "10", "11", "12", "13", 
"14", "15", "16", "17", "18", "19", "20", "21", "22", "23", "24"
))
