`ex11.15` <-
structure(list(Sand = structure(as.integer(c(1, 1, 2, 2, 3, 3, 
1, 1, 2, 2, 3, 3, 1, 1, 2, 2, 3, 3)), .Label = c("0", "15", "30"
), class = "factor"), Carbon = structure(as.integer(c(1, 1, 1, 
1, 1, 1, 2, 2, 2, 2, 2, 2, 3, 3, 3, 3, 3, 3)), .Label = c("0", 
"0.25", "0.5"), class = "factor"), Hardness = as.integer(c(61, 
63, 67, 69, 65, 74, 69, 69, 69, 74, 74, 72, 67, 69, 69, 74, 74, 
74)), Strength = as.integer(c(34, 16, 36, 19, 28, 17, 49, 48, 
43, 29, 31, 24, 55, 60, 45, 43, 22, 48))), .Names = c("Sand", 
"Carbon", "Hardness", "Strength"), class = "data.frame", row.names = c("1", 
"2", "3", "4", "5", "6", "7", "8", "9", "10", "11", "12", "13", 
"14", "15", "16", "17", "18"))
