`ex11.42` <-
structure(list(consump = as.integer(c(866, 862, 800, 946, 800, 
840, 774, 834, 746, 709, 789, 646, 1017, 990, 954, 1028, 906, 
977, 817, 783, 771, 829, 806, 691, 988, 808, 650, 966, 976, 876, 
702, 658, 650, 784, 700, 596, 922, 808, 868, 1056, 870, 908, 
798, 726, 700, 752, 714, 714)), roof = structure(as.integer(c(1, 
1, 1, 2, 2, 2, 1, 1, 1, 2, 2, 2, 1, 1, 1, 2, 2, 2, 1, 1, 1, 2, 
2, 2, 1, 1, 1, 2, 2, 2, 1, 1, 1, 2, 2, 2, 1, 1, 1, 2, 2, 2, 1, 
1, 1, 2, 2, 2)), .Label = c("-1", "1"), class = "factor"), power = structure(as.integer(c(1, 
1, 1, 1, 1, 1, 2, 2, 2, 2, 2, 2, 1, 1, 1, 1, 1, 1, 2, 2, 2, 2, 
2, 2, 1, 1, 1, 1, 1, 1, 2, 2, 2, 2, 2, 2, 1, 1, 1, 1, 1, 1, 2, 
2, 2, 2, 2, 2)), .Label = c("-1", "1"), class = "factor"), scrap = structure(as.integer(c(1, 
1, 1, 1, 1, 1, 1, 1, 1, 1, 1, 1, 2, 2, 2, 2, 2, 2, 2, 2, 2, 2, 
2, 2, 1, 1, 1, 1, 1, 1, 1, 1, 1, 1, 1, 1, 2, 2, 2, 2, 2, 2, 2, 
2, 2, 2, 2, 2)), .Label = c("-1", "1"), class = "factor"), charge = structure(as.integer(c(1, 
1, 1, 1, 1, 1, 1, 1, 1, 1, 1, 1, 1, 1, 1, 1, 1, 1, 1, 1, 1, 1, 
1, 1, 2, 2, 2, 2, 2, 2, 2, 2, 2, 2, 2, 2, 2, 2, 2, 2, 2, 2, 2, 
2, 2, 2, 2, 2)), .Label = c("-1", "1"), class = "factor")), .Names = c("consump", 
"roof", "power", "scrap", "charge"), class = "data.frame", row.names = c("1", 
"2", "3", "4", "5", "6", "7", "8", "9", "10", "11", "12", "13", 
"14", "15", "16", "17", "18", "19", "20", "21", "22", "23", "24", 
"25", "26", "27", "28", "29", "30", "31", "32", "33", "34", "35", 
"36", "37", "38", "39", "40", "41", "42", "43", "44", "45", "46", 
"47", "48"))
