`ex11.02` <-
structure(list(Response = as.integer(c(64, 53, 47, 51, 49, 51, 
45, 43, 50, 48, 50, 52)), Coating.A = as.integer(c(1, 2, 3, 4, 
1, 2, 3, 4, 1, 2, 3, 4)), Soil.Type.B = as.integer(c(1, 1, 1, 
1, 2, 2, 2, 2, 3, 3, 3, 3))), .Names = c("Response", "Coating.A", 
"Soil.Type.B"), class = "data.frame", row.names = c("1", "2", 
"3", "4", "5", "6", "7", "8", "9", "10", "11", "12"))
