`ex11.17` <-
structure(list(Sand.Addition.perc = as.integer(c(0, 0, 15, 15, 
30, 30, 0, 0, 15, 15, 30, 30, 0, 0, 15, 15, 30, 30)), Carbon.Fiber.Addition.perc = c(0, 
0, 0, 0, 0, 0, 0.25, 0.25, 0.25, 0.25, 0.25, 0.25, 0.5, 0.5, 
0.5, 0.5, 0.5, 0.5), Casting.hardness = as.integer(c(61, 63, 
67, 69, 65, 74, 69, 69, 69, 74, 74, 72, 67, 69, 69, 74, 74, 74
)), Wet.Mold.Strength = as.integer(c(34, 16, 36, 19, 28, 17, 
49, 48, 43, 29, 31, 24, 55, 60, 45, 43, 22, 48))), .Names = c("Sand.Addition.perc", 
"Carbon.Fiber.Addition.perc", "Casting.hardness", "Wet.Mold.Strength"
), class = "data.frame", row.names = c("1", "2", "3", "4", "5", 
"6", "7", "8", "9", "10", "11", "12", "13", "14", "15", "16", 
"17", "18"))
