`ex11.09` <-
structure(list(response = as.integer(c(12, 10, 7, 7, 8, 9, 8, 
7, 9, 15, 14, 14, 11, 11, 11, 12, 11, 13, 12, 13, 13, 10, 8, 
11, 12, 8, 10, 10, 12, 9, 9, 7, 10, 11, 7, 8)), type = as.integer(c(1, 
2, 3, 4, 1, 2, 3, 4, 1, 2, 3, 4, 1, 2, 3, 4, 1, 2, 3, 4, 1, 2, 
3, 4, 1, 2, 3, 4, 1, 2, 3, 4, 1, 2, 3, 4)), subject = as.integer(c(1, 
2, 3, 4, 5, 6, 7, 8, 9, 1, 2, 3, 4, 5, 6, 7, 8, 9, 1, 2, 3, 4, 
5, 6, 7, 8, 9, 1, 2, 3, 4, 5, 6, 7, 8, 9))), .Names = c("response", 
"type", "subject"), class = "data.frame", row.names = c("1", 
"2", "3", "4", "5", "6", "7", "8", "9", "10", "11", "12", "13", 
"14", "15", "16", "17", "18", "19", "20", "21", "22", "23", "24", 
"25", "26", "27", "28", "29", "30", "31", "32", "33", "34", "35", 
"36"))
