`ex11.59` <-
structure(list(Cure.Time.1 = c(72.7, 80, 77.8, 75.3, 77.3, 76.5, 
74.7, 77.4, 79.3, 77.8, 77.2, 78.4, 74.6, 77.5, 78.5, 81.1, 80.9, 
82.6, 75.7, 78.2, 78.8, 75.4, 84.5, 77.5, 80, 82.7, 84.6, 78.3, 
83.9, 85, 77.2, 74.6, 83, 83.9, 89.4, 81.2), Adhesive.type = structure(as.integer(c(1, 
1, 1, 1, 1, 1, 2, 2, 2, 2, 2, 2, 1, 1, 1, 1, 1, 1, 2, 2, 2, 2, 
2, 2, 1, 1, 1, 1, 1, 1, 2, 2, 2, 2, 2, 2)), .Label = c("Copper", 
"Nickel"), class = "factor"), Adhesive.factor = as.integer(c(1, 
1, 2, 2, 3, 3, 1, 1, 2, 2, 3, 3, 1, 1, 2, 2, 3, 3, 1, 1, 2, 2, 
3, 3, 1, 1, 2, 2, 3, 3, 1, 1, 2, 2, 3, 3)), Cure.Time = as.integer(c(1, 
1, 1, 1, 1, 1, 1, 1, 1, 1, 1, 1, 2, 2, 2, 2, 2, 2, 2, 2, 2, 2, 
2, 2, 3, 3, 3, 3, 3, 3, 3, 3, 3, 3, 3, 3))), .Names = c("Cure.Time.1", 
"Adhesive.type", "Adhesive.factor", "Cure.Time"), class = "data.frame", row.names = c("1", 
"2", "3", "4", "5", "6", "7", "8", "9", "10", "11", "12", "13", 
"14", "15", "16", "17", "18", "19", "20", "21", "22", "23", "24", 
"25", "26", "27", "28", "29", "30", "31", "32", "33", "34", "35", 
"36"))
