`ex11.34` <-
structure(list(Sales = as.integer(c(27, 34, 39, 40, 15, 16, 14, 
31, 67, 57, 15, 15, 18, 34, 31, 39, 11, 14, 35, 46, 49, 70, 9, 
12, 28, 37, 38, 37, 18, 19, 22, 23, 48, 50, 17, 22)), store = structure(as.integer(c(1, 
2, 3, 4, 5, 6, 1, 2, 3, 4, 5, 6, 1, 2, 3, 4, 5, 6, 1, 2, 3, 4, 
5, 6, 1, 2, 3, 4, 5, 6, 1, 2, 3, 4, 5, 6)), .Label = c("1", "2", 
"3", "4", "5", "6"), class = "factor"), week = structure(as.integer(c(1, 
1, 1, 1, 1, 1, 2, 2, 2, 2, 2, 2, 3, 3, 3, 3, 3, 3, 4, 4, 4, 4, 
4, 4, 5, 5, 5, 5, 5, 5, 6, 6, 6, 6, 6, 6)), .Label = c("1", "2", 
"3", "4", "5", "6"), class = "factor"), shelf = structure(as.integer(c(5, 
6, 2, 3, 4, 1, 4, 5, 6, 1, 3, 2, 3, 4, 5, 2, 1, 6, 1, 3, 4, 6, 
2, 5, 6, 2, 1, 4, 5, 3, 2, 1, 3, 5, 6, 4)), .Label = c("1", "2", 
"3", "4", "5", "6"), class = "factor")), .Names = c("Sales", 
"store", "week", "shelf"), class = "data.frame", row.names = c("1", 
"2", "3", "4", "5", "6", "7", "8", "9", "10", "11", "12", "13", 
"14", "15", "16", "17", "18", "19", "20", "21", "22", "23", "24", 
"25", "26", "27", "28", "29", "30", "31", "32", "33", "34", "35", 
"36"))
