`ex11.05` <-
structure(list(force = c(45.3, 44.1, 42.7, 43.5, 42.2, 44.1, 
42.7, 45.8, 39.6, 38.4, 42.6, 47.9, 36.8, 38, 42.2, 37.9, 45.8, 
47.2, 48.9, 56.4), connector = as.integer(c(1, 1, 1, 1, 2, 2, 
2, 2, 3, 3, 3, 3, 4, 4, 4, 4, 5, 5, 5, 5)), angle = structure(as.integer(c(1, 
2, 3, 4, 1, 2, 3, 4, 1, 2, 3, 4, 1, 2, 3, 4, 1, 2, 3, 4)), .Label = c("0 deg", 
"2 deg", "4 deg", "6 deg"), class = "factor")), .Names = c("force", 
"connector", "angle"), class = "data.frame", row.names = c("1", 
"2", "3", "4", "5", "6", "7", "8", "9", "10", "11", "12", "13", 
"14", "15", "16", "17", "18", "19", "20"))
