`ex11.29` <-
structure(list(length = as.integer(c(6, 9, 1, 3, 7, 9, 5, 5, 
1, 2, 0, 4, 6, 6, 7, 3, 6, 3, 1, -1, 8, 7, 4, 8, 3, 2, 1, 0, 
7, 9, 11, 6, 5, 4, 9, 6, 10, 11, 6, 4, -1, 2, 6, 1, 10, 5, 4, 
8, 4, 6, 0, 1, 6, 5, 3, 4, -1, 0, 0, 1, 4, 5, 5, 4, 3, 1, 1, 
-2, 6, 4, 1, 3, 2, 0, -1, 1, 9, 4, 6, 3, 6, 0, 3, 7, 8, 7, 10, 
0, 0, -2, 4, -4, 4, 3, 7, 0)), time = structure(as.integer(c(1, 
1, 1, 1, 1, 1, 1, 1, 1, 1, 1, 1, 1, 1, 1, 1, 2, 2, 2, 2, 2, 2, 
2, 2, 2, 2, 2, 2, 2, 2, 2, 2, 3, 3, 3, 3, 3, 3, 3, 3, 3, 3, 3, 
3, 3, 3, 3, 3, 1, 1, 1, 1, 1, 1, 1, 1, 1, 1, 1, 1, 1, 1, 1, 1, 
2, 2, 2, 2, 2, 2, 2, 2, 2, 2, 2, 2, 2, 2, 2, 2, 3, 3, 3, 3, 3, 
3, 3, 3, 3, 3, 3, 3, 3, 3, 3, 3)), .Label = c("1", "2", "3"), class = "factor"), 
    heat = structure(as.integer(c(1, 1, 1, 1, 1, 1, 1, 1, 1, 
    1, 1, 1, 1, 1, 1, 1, 1, 1, 1, 1, 1, 1, 1, 1, 1, 1, 1, 1, 
    1, 1, 1, 1, 1, 1, 1, 1, 1, 1, 1, 1, 1, 1, 1, 1, 1, 1, 1, 
    1, 2, 2, 2, 2, 2, 2, 2, 2, 2, 2, 2, 2, 2, 2, 2, 2, 2, 2, 
    2, 2, 2, 2, 2, 2, 2, 2, 2, 2, 2, 2, 2, 2, 2, 2, 2, 2, 2, 
    2, 2, 2, 2, 2, 2, 2, 2, 2, 2, 2)), .Label = c("1", "2"), class = "factor"), 
    machine = structure(as.integer(c(1, 1, 1, 1, 2, 2, 2, 2, 
    3, 3, 3, 3, 4, 4, 4, 4, 1, 1, 1, 1, 2, 2, 2, 2, 3, 3, 3, 
    3, 4, 4, 4, 4, 1, 1, 1, 1, 2, 2, 2, 2, 3, 3, 3, 3, 4, 4, 
    4, 4, 1, 1, 1, 1, 2, 2, 2, 2, 3, 3, 3, 3, 4, 4, 4, 4, 1, 
    1, 1, 1, 2, 2, 2, 2, 3, 3, 3, 3, 4, 4, 4, 4, 1, 1, 1, 1, 
    2, 2, 2, 2, 3, 3, 3, 3, 4, 4, 4, 4)), .Label = c("1", "2", 
    "3", "4"), class = "factor")), .Names = c("length", "time", 
"heat", "machine"), class = "data.frame", row.names = c("1", 
"2", "3", "4", "5", "6", "7", "8", "9", "10", "11", "12", "13", 
"14", "15", "16", "17", "18", "19", "20", "21", "22", "23", "24", 
"25", "26", "27", "28", "29", "30", "31", "32", "33", "34", "35", 
"36", "37", "38", "39", "40", "41", "42", "43", "44", "45", "46", 
"47", "48", "49", "50", "51", "52", "53", "54", "55", "56", "57", 
"58", "59", "60", "61", "62", "63", "64", "65", "66", "67", "68", 
"69", "70", "71", "72", "73", "74", "75", "76", "77", "78", "79", 
"80", "81", "82", "83", "84", "85", "86", "87", "88", "89", "90", 
"91", "92", "93", "94", "95", "96"))
