`ex12.36` <-
structure(list(x = as.integer(c(89, 177, 189, 354, 362, 442, 
965)), y = c(0.4, 0.6, 0.48, 0.66, 0.61, 0.69, 0.99)), .Names = c("x", 
"y"), class = "data.frame", row.names = c("1", "2", "3", "4", 
"5", "6", "7"))
