`ex12.29` <-
structure(list(x = as.integer(c(15, 16, 17, 18, 19, 20, 5, 10, 
15, 20, 25, 50, 5, 10, 15, 20, 25, 50)), y = as.integer(c(42, 
35, 45, 42, 49, 46, 16, 32, 44, 45, 63, 115, 8, 16, 22, 23, 31, 
60)), Data.Set = as.integer(c(1, 1, 1, 1, 1, 1, 2, 2, 2, 2, 2, 
2, 3, 3, 3, 3, 3, 3))), .Names = c("x", "y", "Data.Set"), class = "data.frame", row.names = c("1", 
"2", "3", "4", "5", "6", "7", "8", "9", "10", "11", "12", "13", 
"14", "15", "16", "17", "18"))
