`ex12.54` <-
structure(list(X = as.integer(c(0, 10, 20, 30, 45, 50, 70, 80, 
100, 120, 140, 160, 170, 190)), Y = as.integer(c(500, 590, 410, 
470, 450, 480, 510, 450, 360, 400, 300, 410, 280, 350))), .Names = c("X", 
"Y"), class = "data.frame", row.names = c("1", "2", "3", "4", 
"5", "6", "7", "8", "9", "10", "11", "12", "13", "14"))
