`ex12.75` <-
structure(list(X = c(4, 8.7, 12.7, 19.1, 21.4, 24.6, 28.9, 29.8, 
30.5), Y = c(0.12, 0.28, 0.55, 0.68, 0.85, 1.02, 1.15, 1.34, 
1.29)), .Names = c("X", "Y"), class = "data.frame", row.names = c("1", 
"2", "3", "4", "5", "6", "7", "8", "9"))
