`ex12.71` <-
structure(list(X = c(4.6, 17, 17.4, 18, 18.5, 22.4, 26.5, 30, 
34, 38.8, 48.2, 63.5, 65.8, 73.9, 77.2, 79.8, 84), Y = c(0.66, 
0.92, 1.45, 1.03, 0.7, 0.73, 1.2, 0.8, 0.91, 1.19, 1.15, 1.12, 
1.37, 1.45, 1.5, 1.36, 1.29)), .Names = c("X", "Y"), class = "data.frame", row.names = c("1", 
"2", "3", "4", "5", "6", "7", "8", "9", "10", "11", "12", "13", 
"14", "15", "16", "17"))
