`ex12.46` <-
structure(list(x = as.integer(c(398, 292, 352, 575, 568, 450, 
550, 408, 484, 350, 503, 600, 600)), y = c(0.15, 0.05, 0.23, 
0.43, 0.23, 0.4, 0.44, 0.44, 0.45, 0.09, 0.59, 0.63, 0.6)), .Names = c("x", 
"y"), class = "data.frame", row.names = c("1", "2", "3", "4", 
"5", "6", "7", "8", "9", "10", "11", "12", "13"))
