`ex12.20` <-
structure(list(X = c(0.05, 0.1, 0.11, 0.12, 0.31, 0.37, 0.42, 
0.58, 0.68, 0.68, 0.73, 0.85, 0.92), Y = c(0.48, 0.55, 0.48, 
0.5, 0.58, 0.52, 1.02, 0.86, 0.86, 1, 0.88, 1.04, 1.7)), .Names = c("X", 
"Y"), class = "data.frame", row.names = c("1", "2", "3", "4", 
"5", "6", "7", "8", "9", "10", "11", "12", "13"))
