`ex12.04` <-
structure(list(x = as.integer(c(3, 8, 10, 11, 13, 16, 27, 30, 
35, 37, 38, 44, 103, 142)), y = as.integer(c(4, 7, 8, 8, 10, 
11, 16, 26, 21, 9, 31, 30, 75, 90))), .Names = c("x", "y"), class = "data.frame", row.names = c("1", 
"2", "3", "4", "5", "6", "7", "8", "9", "10", "11", "12", "13", 
"14"))
