`ex12.16` <-
structure(list(x = as.integer(c(5, 12, 14, 17, 23, 30, 40, 47, 
55, 67, 72, 81, 96, 112, 127)), y = as.integer(c(4, 10, 13, 15, 
15, 25, 27, 46, 38, 46, 53, 70, 82, 99, 100))), .Names = c("x", 
"y"), class = "data.frame", row.names = c("1", "2", "3", "4", 
"5", "6", "7", "8", "9", "10", "11", "12", "13", "14", "15"))
