`ex12.05` <-
structure(list(x = as.integer(c(59, 63, 68, 72, 74, 78, 83)), 
    y = as.integer(c(118, 182, 247, 208, 197, 135, 132))), .Names = c("x", 
"y"), class = "data.frame", row.names = c("1", "2", "3", "4", 
"5", "6", "7"))
