`ex12.52` <-
structure(list(x = c(1.5, 1.5, 2, 2.5, 2.5, 3, 3.5, 3.5, 4), 
    y = c(23, 24.5, 25, 30, 33.5, 40, 40.5, 47, 49)), .Names = c("x", 
"y"), class = "data.frame", row.names = c("1", "2", "3", "4", 
"5", "6", "7", "8", "9"))
