`ex12.59` <-
structure(list(x = as.integer(c(46, 48, 55, 57, 60, 72, 81, 85, 
94, 109, 121, 132, 137, 148, 149, 184, 185, 187)), y = c(2.18, 
2.1, 2.13, 2.28, 2.34, 2.53, 2.28, 2.62, 2.63, 2.5, 2.66, 2.79, 
2.8, 3.01, 2.98, 3.34, 3.49, 3.26)), .Names = c("x", "y"), class = "data.frame", row.names = c("1", 
"2", "3", "4", "5", "6", "7", "8", "9", "10", "11", "12", "13", 
"14", "15", "16", "17", "18"))
