`ex12.19` <-
structure(list(X = as.integer(c(100, 125, 125, 150, 150, 200, 
200, 250, 250, 300, 300, 350, 400, 400)), Y = as.integer(c(150, 
140, 180, 210, 190, 320, 280, 400, 430, 440, 390, 600, 610, 670
))), .Names = c("X", "Y"), class = "data.frame", row.names = c("1", 
"2", "3", "4", "5", "6", "7", "8", "9", "10", "11", "12", "13", 
"14"))
