`ex12.37` <-
structure(list(pressure = as.integer(c(40, 130, 155, 160, 260, 
275, 325, 370, 420, 480)), time = c(2.5, 3, 3.1, 3.3, 3.7, 4.1, 
4.3, 4.8, 5, 5.4)), .Names = c("pressure", "time"), class = "data.frame", row.names = c("1", 
"2", "3", "4", "5", "6", "7", "8", "9", "10"))
