`ex12.72` <-
structure(list(CO = as.integer(c(50, 60, 95, 108, 135, 210, 214, 
315, 720)), NO3 = c(2.3, 4.5, 4, 3.7, 8.2, 5.4, 7.2, 13.8, 32.1
)), .Names = c("CO", "NO3"), class = "data.frame", row.names = c("1", 
"2", "3", "4", "5", "6", "7", "8", "9"))
