`ex12.15` <-
structure(list(MoE = c(29.8, 33.2, 33.7, 35.3, 35.5, 36.1, 36.2, 
36.3, 37.5, 37.7, 38.7, 38.8, 39.6, 41, 42.8, 42.8, 43.5, 45.6, 
46, 46.9, 48, 49.3, 51.7, 62.6, 69.8, 79.5, 80), Strength = c(5.9, 
7.2, 7.3, 6.3, 8.1, 6.8, 7, 7.6, 6.8, 6.5, 7, 6.3, 7.9, 9, 8.2, 
8.7, 7.8, 9.7, 7.4, 7.7, 9.7, 7.8, 7.7, 11.6, 11.3, 11.8, 10.7
)), .Names = c("MoE", "Strength"), class = "data.frame", row.names = c("1", 
"2", "3", "4", "5", "6", "7", "8", "9", "10", "11", "12", "13", 
"14", "15", "16", "17", "18", "19", "20", "21", "22", "23", "24", 
"25", "26", "27"))
