`ex12.73` <-
structure(list(X = as.integer(c(20, 20, 20, 25, 25, 25, 31, 31, 
31)), Y = c(11.45, 10.42, 11.14, 10.84, 11.17, 10.54, 9.47, 9.19, 
9.54)), .Names = c("X", "Y"), class = "data.frame", row.names = c("1", 
"2", "3", "4", "5", "6", "7", "8", "9"))
