`ex12.61` <-
structure(list(x = as.integer(c(400, 750, 770, 800, 850, 1025, 
1200, 1250, 1300, 1400, 1475, 1480, 1505, 2200)), y = c(3.8, 
4, 4.9, 5.2, 4, 3.5, 6.3, 6.88, 7.55, 4.95, 7.8, 4.45, 6.6, 8.9
)), .Names = c("x", "y"), class = "data.frame", row.names = c("1", 
"2", "3", "4", "5", "6", "7", "8", "9", "10", "11", "12", "13", 
"14"))
