`ex12.03` <-
structure(list(x = as.integer(c(47, 62, 65, 70, 70, 78, 95, 100, 
114, 118, 124, 128, 140, 140, 140, 150, 152, 164, 198, 221)), 
    y = as.integer(c(38, 62, 53, 67, 84, 79, 93, 106, 117, 116, 
    127, 114, 134, 139, 142, 170, 149, 154, 200, 215))), .Names = c("x", 
"y"), class = "data.frame", row.names = c("1", "2", "3", "4", 
"5", "6", "7", "8", "9", "10", "11", "12", "13", "14", "15", 
"16", "17", "18", "19", "20"))
