`ex12.68` <-
structure(list(RDF = as.integer(c(37, 30, 48, 29, 27, 16, 0, 
20)), eff = c(78, 77.2, 74.4, 77.7, 76.9, 79, 82.1, 76.5)), .Names = c("RDF", 
"eff"), class = "data.frame", row.names = c("1", "2", "3", "4", 
"5", "6", "7", "8"))
