`ex12.50` <-
structure(list(field = c(11, 12.5, 15.2, 17.2, 19, 20.8, 22, 
24.2, 25.3, 27, 29), time = as.integer(c(187, 225, 305, 318, 
367, 365, 400, 435, 450, 506, 558))), .Names = c("field", "time"
), class = "data.frame", row.names = c("1", "2", "3", "4", "5", 
"6", "7", "8", "9", "10", "11"))
