`ex12.65` <-
structure(list(X = as.integer(c(48, 59, 79, 80, 95, 95, 97, 102, 
102, 107)), Y = c(9.3, 11, 12.8, 14.1, 13.6, 13.8, 14.6, 14.6, 
16, 18.2)), .Names = c("X", "Y"), class = "data.frame", row.names = c("1", 
"2", "3", "4", "5", "6", "7", "8", "9", "10"))
