`ex12.55` <-
structure(list(X = as.integer(c(9, 12, 12, 15, 18, 18, 21, 21, 
27, 30, 30, 33)), Y = as.integer(c(11, 12, 23, 30, 29, 52, 41, 
65, 60, 72, 84, 93))), .Names = c("X", "Y"), class = "data.frame", row.names = c("1", 
"2", "3", "4", "5", "6", "7", "8", "9", "10", "11", "12"))
