`ex12.83` <-
structure(list(time = as.integer(c(2, 2, 5, 7, 12, 13, 17, 18, 
23, 24, 26, 28, 29, 30, 34, 36, 40, 41, 44, 56, 56, 57, 60, 60
)), bloodgluc = c(4, 3.6, 3.7, 4, 3.8, 4, 5.1, 3.9, 4.4, 4.3, 
4.3, 4.4, 5.8, 4.3, 5.5, 5.6, 5.1, 5.7, 6.1, 5.1, 5.9, 6.8, 4.9, 
5.7)), .Names = c("time", "bloodgluc"), class = "data.frame", row.names = c("1", 
"2", "3", "4", "5", "6", "7", "8", "9", "10", "11", "12", "13", 
"14", "15", "16", "17", "18", "19", "20", "21", "22", "23", "24"
))
