`ex12.82` <-
structure(list(temp = c(7.68, 6.51, 6.43, 5.48, 6.57, 10.22, 
15.69, 16.77, 17.13, 17.63, 16.72, 15.45, 12.06, 11.44, 10.17, 
9.64, 8.55, 7.57, 6.94, 8.32, 10.5, 16.02, 17.83, 17.03, 16.18, 
16.26, 14.44, 12.78, 12.25, 11.69, 11.34, 10.97, 6.53), removal = c(98.09, 
98.25, 97.82, 97.82, 97.82, 97.93, 98.38, 98.89, 98.96, 98.9, 
98.68, 98.69, 98.51, 98.09, 98.25, 98.36, 98.27, 98, 98.09, 98.25, 
98.41, 98.51, 98.71, 98.79, 98.87, 98.76, 98.58, 98.73, 98.45, 
98.37, 98.36, 98.45, 96.55)), .Names = c("temp", "removal"), class = "data.frame", row.names = c("1", 
"2", "3", "4", "5", "6", "7", "8", "9", "10", "11", "12", "13", 
"14", "15", "16", "17", "18", "19", "20", "21", "22", "23", "24", 
"25", "26", "27", "28", "29", "30", "31", "32", "33"))
