`ex12.35` <-
structure(list(x = as.integer(c(15, 19, 31, 39, 41, 44, 47, 48, 
55, 64)), y = as.integer(c(23, 52, 65, 55, 32, 60, 78, 59, 61, 
60))), .Names = c("x", "y"), class = "data.frame", row.names = c("1", 
"2", "3", "4", "5", "6", "7", "8", "9", "10"))
