`ex12.84` <-
structure(list(HW = c(8, 6.2, 9.2, 6.4, 8.6, 12.2, 7.2, 12, 14.9, 
12.1, 15.3, 14.8, 14.3, 16.3, 17.9, 19.5, 17.5, 14.3, 18.3, 16.2
), BOD = c(2.5, 4, 4.1, 6.2, 7.1, 7, 8.3, 9.2, 9.3, 12, 12.2, 
12.6, 14.2, 14.4, 15.1, 15.2, 16.3, 17.1, 17.9, 17.9)), .Names = c("HW", 
"BOD"), class = "data.frame", row.names = c("1", "2", "3", "4", 
"5", "6", "7", "8", "9", "10", "11", "12", "13", "14", "15", 
"16", "17", "18", "19", "20"))
