`ex12.21` <-
structure(list(space = c(12.8, 12.9, 12.9, 13.6, 14.5, 14.6, 
15.1, 17.5, 19.5, 20.8), distance = c(5.5, 6.2, 6.3, 7, 7.8, 
8.3, 7.1, 10, 10.8, 11)), .Names = c("space", "distance"), class = "data.frame", row.names = c("1", 
"2", "3", "4", "5", "6", "7", "8", "9", "10"))
