`ex12.01` <-
structure(list(Temp = as.integer(c(170, 172, 173, 174, 174, 175, 
176, 177, 180, 180, 180, 180, 180, 181, 181, 182, 182, 182, 182, 
184, 184, 185, 186, 188)), Ratio = c(0.84, 1.31, 1.42, 1.03, 
1.07, 1.08, 1.04, 1.8, 1.45, 1.6, 1.61, 2.13, 2.15, 0.84, 1.43, 
0.9, 1.81, 1.94, 2.68, 1.49, 2.52, 3, 1.87, 3.08)), .Names = c("Temp", 
"Ratio"), class = "data.frame", row.names = c("1", "2", "3", 
"4", "5", "6", "7", "8", "9", "10", "11", "12", "13", "14", "15", 
"16", "17", "18", "19", "20", "21", "22", "23", "24"))
