`ex12.02` <-
structure(list(Engine = as.integer(c(1, 2, 3, 4, 5, 6, 7, 8, 
9, 10)), Age = as.integer(c(0, 0, 2, 11, 7, 16, 9, 0, 12, 4)), 
    Baseline = c(1.72, 4.38, 4.06, 1.26, 5.31, 0.57, 3.37, 3.44, 
    0.74, 1.24), Reformulated = c(1.88, 5.93, 5.54, 2.67, 6.53, 
    0.74, 4.94, 4.89, 0.69, 1.42)), .Names = c("Engine", "Age", 
"Baseline", "Reformulated"), class = "data.frame", row.names = c("1", 
"2", "3", "4", "5", "6", "7", "8", "9", "10"))
