`ex12.69` <-
structure(list(drain.wt = as.integer(c(4, 5, 8, 11, 12, 16, 17, 
20, 22, 28, 30, 31, 39)), Cl.trace = as.integer(c(5, 7, 10, 10, 
14, 15, 13, 25, 20, 24, 31, 28, 39))), .Names = c("drain.wt", 
"Cl.trace"), class = "data.frame", row.names = c("1", "2", "3", 
"4", "5", "6", "7", "8", "9", "10", "11", "12", "13"))
