`ex12.63` <-
structure(list(x = c(7.98, 24.52, 12.47, 6.92, 24.11, 35.71), 
    y = c(0.28, 0.65, 0.32, 0.27, 0.81, 0.57)), .Names = c("x", 
"y"), class = "data.frame", row.names = c("1", "2", "3", "4", 
"5", "6"))
