`ex12.24` <-
structure(list(x = as.integer(c(14, 18, 40, 43, 45, 112)), y = as.integer(c(280, 
350, 470, 500, 560, 1200))), .Names = c("x", "y"), class = "data.frame", row.names = c("1", 
"2", "3", "4", "5", "6"))
