`ex12.58` <-
structure(list(TOST = as.integer(c(4200, 3600, 3750, 3675, 4050, 
2770, 4870, 4500, 3450, 2700, 3750, 3300)), RBOT = as.integer(c(370, 
340, 375, 310, 350, 200, 400, 375, 285, 225, 345, 285))), .Names = c("TOST", 
"RBOT"), class = "data.frame", row.names = c("1", "2", "3", "4", 
"5", "6", "7", "8", "9", "10", "11", "12"))
