`ex12.62` <-
structure(list(Col1 = c(0.18, 0.2, 0.21, 0.21, 0.21, 0.22, 0.23, 
0.23, 0.24, 0.24, 0.25, 0.28, 0.3, 0.37), Col2 = c(0.46, 0.7, 
0.41, 0.45, 0.55, 0.44, 0.24, 0.47, 0.22, 0.8, 0.88, 0.7, 0.72, 
0.75)), .Names = c("Col1", "Col2"), class = "data.frame", row.names = c("1", 
"2", "3", "4", "5", "6", "7", "8", "9", "10", "11", "12", "13", 
"14"))
