`ex13.16` <-
structure(list(Spectral.Index = c(0.59, 0.67, 0.72, 0.8, 0.85, 
0.9, 0.94, 0.66, 1, 0.86, 1.03, 0.7), ln.L178 = c(23.6, 25.6, 
26.4, 25.7, 26.8, 26.7, 27, 24.9, 27.1, 27.2, 26.9, 25.2)), .Names = c("Spectral.Index", 
"ln.L178"), class = "data.frame", row.names = c("1", "2", "3", 
"4", "5", "6", "7", "8", "9", "10", "11", "12"))
