`ex13.76` <-
structure(list(x1 = as.integer(c(3, 3, 3, 9, 9, 9, 15, 15, 15
)), x2 = as.integer(c(30, 60, 90, 30, 60, 90, 30, 60, 90)), y = c(5.95, 
5.6, 5.44, 6.22, 5.85, 5.61, 8.36, 7.3, 6.43)), .Names = c("x1", 
"x2", "y"), class = "data.frame", row.names = c("1", "2", "3", 
"4", "5", "6", "7", "8", "9"))
