`ex13.04` <-
structure(list(x = as.integer(c(0, 7, 17, 114, 133, 142, 190, 
218, 237, 285)), y = c(20.3, 19.8, 19.5, 15.9, 15.1, 14.7, 11.9, 
11.5, 8.3, 6.6)), .Names = c("x", "y"), class = "data.frame", row.names = c("1", 
"2", "3", "4", "5", "6", "7", "8", "9", "10"))
