`ex13.25` <-
structure(list(Success = as.integer(c(8, 13, 14, 18, 20, 21, 
21, 22, 25, 26, 28, 29, 39, 32)), Failure = as.integer(c(4, 5, 
6, 9, 10, 11, 11, 13, 15, 18, 10, 20, 23, 27))), .Names = c("Success", 
"Failure"), class = "data.frame", row.names = c("1", "2", "3", 
"4", "5", "6", "7", "8", "9", "10", "11", "12", "13", "14"))
