`ex13.09c` <-
structure(list(x = as.integer(c(10, 8, 13, 9, 11, 14, 6, 4, 12, 
7, 5)), y = c(7.46, 6.77, 12.74, 7.11, 7.81, 8.84, 6.08, 5.39, 
8.15, 6.42, 5.73)), .Names = c("x", "y"), class = "data.frame", row.names = c("1", 
"2", "3", "4", "5", "6", "7", "8", "9", "10", "11"))
