`ex13.47` <-
structure(list(Row = as.integer(c(1, 2, 3, 4, 5, 6, 7, 8, 9, 
10, 11, 12, 13, 14, 15, 16, 17, 18, 19, 20, 21, 22, 23, 24, 25, 
26, 27, 28, 29, 30)), Plastics = c(18.69, 19.43, 19.24, 22.64, 
16.54, 21.44, 19.53, 23.97, 21.45, 20.34, 17.03, 21.03, 20.49, 
20.45, 18.81, 18.28, 21.41, 25.11, 21.04, 17.99, 18.73, 18.49, 
22.08, 14.28, 17.74, 20.54, 18.25, 19.09, 21.25, 21.62), Paper = c(15.65, 
23.51, 24.23, 22.2, 23.56, 23.65, 24.45, 19.39, 23.84, 26.5, 
23.46, 26.99, 19.87, 23.03, 22.62, 21.87, 20.47, 22.59, 26.27, 
28.22, 29.39, 26.58, 24.88, 26.27, 23.61, 26.58, 13.77, 25.62, 
20.63, 22.71), Garbage = c(45.01, 39.69, 43.16, 35.76, 41.2, 
35.56, 40.18, 44.11, 35.41, 34.21, 32.45, 38.19, 41.35, 43.59, 
42.2, 41.5, 41.2, 37.02, 38.66, 44.18, 34.77, 37.55, 37.07, 35.8, 
37.36, 35.4, 51.32, 39.54, 40.72, 36.22), Water = c(58.21, 46.31, 
46.63, 45.85, 55.14, 54.24, 47.2, 43.82, 51.01, 49.06, 53.23, 
51.78, 46.69, 53.57, 52.98, 47.444, 54.68, 48.74, 53.22, 53.37, 
51.06, 50.66, 50.72, 48.24, 49.92, 53.58, 51.38, 50.13, 48.67, 
48.19), Energy.content = as.integer(c(947, 1407, 1452, 1553, 
989, 1162, 1466, 1656, 1254, 1336, 1097, 1266, 1401, 1223, 1216, 
1334, 1155, 1453, 1278, 1153, 1225, 1237, 1327, 1229, 1205, 1221, 
1138, 1295, 1391, 1372))), .Names = c("Row", "Plastics", "Paper", 
"Garbage", "Water", "Energy.content"), class = "data.frame", row.names = c("1", 
"2", "3", "4", "5", "6", "7", "8", "9", "10", "11", "12", "13", 
"14", "15", "16", "17", "18", "19", "20", "21", "22", "23", "24", 
"25", "26", "27", "28", "29", "30"))
