`ex13.08` <-
structure(list(HR = c(43.5, 44, 44, 44.5, 44, 45, 48, 49, 49.5, 
51, 54.5, 57.5, 57.7, 61, 63), VO2 = c(22, 21, 22, 21.5, 25.5, 
24.5, 30, 28, 32, 29, 38.5, 30.5, 57, 40, 58)), .Names = c("HR", 
"VO2"), class = "data.frame", row.names = c("1", "2", "3", "4", 
"5", "6", "7", "8", "9", "10", "11", "12", "13", "14", "15"))
