`ex13.31` <-
structure(list(x = as.integer(c(1, 1, 2, 4, 4, 4, 6)), y = c(23, 
24.5, 28, 30.9, 32, 33.6, 20)), .Names = c("x", "y"), class = "data.frame", row.names = c("1", 
"2", "3", "4", "5", "6", "7"))
