`ex13.24` <-
structure(list(Kyphosis = as.integer(c(12, 15, 42, 52, 59, 73, 
82, 91, 96, 105, 114, 120, 121, 128, 130, 139, 139, 157, NA, 
NA, NA, NA)), No.kyphosis = as.integer(c(1, 1, 2, 8, 11, 18, 
22, 31, 37, 61, 72, 81, 97, 112, 118, 127, 131, 140, 151, 159, 
177, 206))), .Names = c("Kyphosis", "No.kyphosis"), class = "data.frame", row.names = c("1", 
"2", "3", "4", "5", "6", "7", "8", "9", "10", "11", "12", "13", 
"14", "15", "16", "17", "18", "19", "20", "21", "22"))
