`ex13.17` <-
structure(list(MassRate = c(1.7, 2.2, 2.3, 2.6, 2.7, 3, 3.2, 
3.3, 4.1, 4.3, 4.6, 5.7, 6.1), FlameLen = c(1.3, 1.8, 1.6, 2, 
2.1, 2.2, 3, 2.6, 4.1, 3.7, 5, 5.8, 5.3)), .Names = c("MassRate", 
"FlameLen"), class = "data.frame", row.names = c("1", "2", "3", 
"4", "5", "6", "7", "8", "9", "10", "11", "12", "13"))
