`ex13.68` <-
structure(list(Log.edges = c(1.1, 1.5, 1.7, 1.9, 2, 2.1, 2.2, 
2.3, 2.7, 2.8, 3, 3.3, 3.5, 3.8, 4.2, 4.3), Log.time = c(0.3, 
0.5, 0.55, 0.52, 0.85, 0.98, 1.1, 1, 1.18, 1.45, 1.65, 1.84, 
2.05, 2.46, 2.5, 2.76)), .Names = c("Log.edges", "Log.time"
), class = "data.frame", row.names = c("1", "2", "3", "4", "5", 
"6", "7", "8", "9", "10", "11", "12", "13", "14", "15", "16"))
