`ex13.74` <-
structure(list(log.con = c(-8, -7.1, -7.2, -6.7, -6.2, -6.8, 
-5.8, -5.3, -6, -4.7, -5.4, -5.1), Li2O = as.integer(c(19, 20, 
24, 27, 29, 30, 31, 39, 40, 43, 45, 50))), .Names = c("log.con", 
"Li2O"), class = "data.frame", row.names = c("1", "2", "3", "4", 
"5", "6", "7", "8", "9", "10", "11", "12"))
