`ex13.53` <-
structure(list(x1 = as.integer(c(92017, 51830, 17236, 15776, 
33462, 243500, 67793, 23471, 13948, 8824, 7699, 15791, 10239, 
43835, 49793, 40656, 50774)), x2 = c(0.00269, 0.003, 1.96e-05, 
3.6e-05, 0.000496, 0.00389, 0.00112, 0.00064, 0.000485, 0.000366, 
0.000229, 0.00141, 0.00041, 9.6e-05, 8.96e-05, 0.0026, 0.00953
), filth = c(278.78, 124.53, 22.65, 28.68, 32.66, 604.7, 27.69, 
14.18, 20.64, 20.6, 16.61, 15.08, 18.05, 99.71, 58.97, 172.58, 
44.25)), .Names = c("x1", "x2", "filth"), class = "data.frame", row.names = c("1", 
"2", "3", "4", "5", "6", "7", "8", "9", "10", "11", "12", "13", 
"14", "15", "16", "17"))
