`ex13.55` <-
structure(list(q = c(17.6, 23.8, 5.7, 3, 7.5, 89.2, 60.9, 27.5, 
13.2, 12.2), a = c(8.4, 31.6, 5.7, 1, 3.3, 41.1, 26.2, 16.4, 
6.7, 9.7), b = c(0.0048, 0.0073, 0.0037, 0.0412, 0.0416, 0.0063, 
0.0061, 0.0036, 0.0039, 0.0025)), .Names = c("q", "a", "b"), class = "data.frame", row.names = c("1", 
"2", "3", "4", "5", "6", "7", "8", "9", "10"))
