`ex13.35` <-
structure(list(x = as.integer(c(10, 15, 20, 25, 30)), y = c(37.1, 
70.1, 109.7, 177.2, 222.6)), .Names = c("x", "y"), class = "data.frame", row.names = c("1", 
"2", "3", "4", "5"))
