`ex13.52` <-
structure(list(Linoleic = c(30, 30, 30, 40, 30, 13.18, 20, 20, 
40, 30, 30, 40, 40, 30, 30, 30, 30, 20, 20, 46.82), Kerosene = c(30, 
30, 30, 40, 30, 30, 40, 40, 20, 30, 30, 20, 40, 30, 46.82, 30, 
13.18, 20, 20, 30), Antiox = c(10, 10, 18.41, 5, 10, 10, 5, 15, 
5, 10, 1.59, 15, 15, 10, 10, 10, 10, 5, 15, 10), Betacaro = c(0.7, 
0.63, 0.013, 0.049, 0.7, 0.1, 0.04, 0.0065, 0.202, 0.63, 0.04, 
0.132, 0.15, 0.7, 0.346, 0.63, 0.397, 0.269, 0.0054, 0.064)), .Names = c("Linoleic", 
"Kerosene", "Antiox", "Betacaro"), class = "data.frame", row.names = c("1", 
"2", "3", "4", "5", "6", "7", "8", "9", "10", "11", "12", "13", 
"14", "15", "16", "17", "18", "19", "20"))
