`ex13.09b` <-
structure(list(x = as.integer(c(10, 8, 13, 9, 11, 14, 6, 4, 12, 
7, 5)), y = c(9.14, 8.14, 8.74, 8.77, 9.26, 8.1, 6.13, 3.1, 9.13, 
7.26, 4.74)), .Names = c("x", "y"), class = "data.frame", row.names = c("1", 
"2", "3", "4", "5", "6", "7", "8", "9", "10", "11"))
