`ex13.33` <-
structure(list(x = as.integer(c(5, 10, 15, 20, 25, 30, 35)), 
    y = c(0.985, 0.996, 0.988, 0.962, 0.94, 0.915, 0.878)), .Names = c("x", 
"y"), class = "data.frame", row.names = c("1", "2", "3", "4", 
"5", "6", "7"))
