`ex13.49` <-
structure(list(x1 = c(16.7, 17.4, 18.4, 16.8, 18.9, 17.1, 17.3, 
18.2, 21.3, 21.2, 20.7, 18.5), x2 = as.integer(c(30, 42, 47, 
47, 43, 41, 48, 44, 43, 50, 56, 60)), y = as.integer(c(210, 110, 
103, 103, 91, 76, 73, 70, 68, 53, 45, 31))), .Names = c("x1", 
"x2", "y"), class = "data.frame", row.names = c("1", "2", "3", 
"4", "5", "6", "7", "8", "9", "10", "11", "12"))
