`ex13.75` <-
structure(list(height = as.integer(c(32, 37, 44, 45, 46, 42, 
42, 40, 37, 30)), log.Mn = c(-1, -0.4, 0, 0.2, 1, 2, 2.8, 3.2, 
3.4, 4)), .Names = c("height", "log.Mn"), class = "data.frame", row.names = c("1", 
"2", "3", "4", "5", "6", "7", "8", "9", "10"))
