`ex13.32` <-
structure(list(X = c(4.01, 4.07, 4.08, 4.1, 4.18, 4.2, 4.23, 
4.27, 4.3, 4.41, 4.45, 4.5, 4.58, 4.68, 4.7, 4.77), Y = c(1.2, 
0.78, 0.83, 0.98, 0.65, 0.76, 0.4, 0.45, 0.39, 0.3, 0.2, 0.24, 
0.1, 0.13, 0.07, 0.04)), .Names = c("X", "Y"), class = "data.frame", row.names = c("1", 
"2", "3", "4", "5", "6", "7", "8", "9", "10", "11", "12", "13", 
"14", "15", "16"))
