`ex13.06` <-
structure(list(x = c(7, 9.3, 13.2, 16.3, 19.1, 22), y = as.integer(c(1046, 
1065, 1094, 1117, 1130, 1135))), .Names = c("x", "y"), class = "data.frame", row.names = c("1", 
"2", "3", "4", "5", "6"))
