`ex13.09a` <-
structure(list(x = as.integer(c(10, 8, 13, 9, 11, 14, 6, 4, 12, 
7, 5)), y = c(8.04, 6.95, 7.58, 8.81, 8.33, 9.96, 7.24, 4.26, 
10.84, 4.82, 5.68)), .Names = c("x", "y"), class = "data.frame", row.names = c("1", 
"2", "3", "4", "5", "6", "7", "8", "9", "10", "11"))
