`ex13.14` <-
structure(list(Col1 = as.integer(c(110, 110, 110, 230, 230, 230, 
360, 360, 360, 360, 505, 505, 505, 505)), Col2 = as.integer(c(235, 
198, 173, 174, 149, 124, 115, 130, 102, 95, 122, 112, 98, 96))), .Names = c("Col1", 
"Col2"), class = "data.frame", row.names = c("1", "2", "3", "4", 
"5", "6", "7", "8", "9", "10", "11", "12", "13", "14"))
