`ex13.05` <-
structure(list(time = c(0.17, 0.33, 0.5, 0.67, 0.83, 1, 1.17, 
1.33, 1.5, 1.67, 1.83, 2, 2.17, 2.33, 2.5, 2.67, 2.83, 3, 3.17, 
3.33, 3.5, 3.67, 3.83, 4, 4.17, 4.33, 4.5, 4.67, 4.83, 5, 5.17, 
5.33, 5.5), icethick = c(0.5, 1.25, 1.5, 2.75, 3.5, 4.75, 5.75, 
5.6, 7, 8, 8.25, 9.5, 10.5, 11, 10.75, 12.5, 12.25, 13.25, 15.5, 
15, 15.25, 16.25, 17.25, 18, 18.25, 18.15, 20.25, 19.5, 20, 20.5, 
20.6, 20.5, 19.8)), .Names = c("time", "icethick"), class = "data.frame", row.names = c("1", 
"2", "3", "4", "5", "6", "7", "8", "9", "10", "11", "12", "13", 
"14", "15", "16", "17", "18", "19", "20", "21", "22", "23", "24", 
"25", "26", "27", "28", "29", "30", "31", "32", "33"))
