`ex13.54` <-
structure(list(Bright = c(83.9, 84.9, 83.4, 84.2, 83.8, 84.7, 
84, 84.8, 84.5, 86, 82.6, 85.1, 84.5, 86, 84, 85.4, 82.9, 85.5, 
85.2, 84.5, 84.7, 85, 84.9, 84, 84.5, 84.7, 84.6, 84.9, 84.9, 
84.5, 84.6), H2O2 = as.integer(c(-1, 1, -1, 1, -1, 1, -1, 1, 
-1, 1, -1, 1, -1, 1, -1, 1, -2, 2, 0, 0, 0, 0, 0, 0, 0, 0, 0, 
0, 0, 0, 0)), NaOH = as.integer(c(-1, -1, 1, 1, -1, -1, 1, 1, 
-1, -1, 1, 1, -1, -1, 1, 1, 0, 0, -2, 2, 0, 0, 0, 0, 0, 0, 0, 
0, 0, 0, 0)), Silicate = as.integer(c(-1, -1, -1, -1, 1, 1, 1, 
1, -1, -1, -1, -1, 1, 1, 1, 1, 0, 0, 0, 0, -2, 2, 0, 0, 0, 0, 
0, 0, 0, 0, 0)), Tempture = as.integer(c(-1, -1, -1, -1, -1, 
-1, -1, -1, 1, 1, 1, 1, 1, 1, 1, 1, 0, 0, 0, 0, 0, 0, -2, 2, 
0, 0, 0, 0, 0, 0, 0))), .Names = c("Bright", "H2O2", "NaOH", 
"Silicate", "Tempture"), class = "data.frame", row.names = c("1", 
"2", "3", "4", "5", "6", "7", "8", "9", "10", "11", "12", "13", 
"14", "15", "16", "17", "18", "19", "20", "21", "22", "23", "24", 
"25", "26", "27", "28", "29", "30", "31"))
