`ex13.15` <-
structure(list(x = as.integer(c(5, 10, 15, 20, 25, 30, 45, 60
)), y = c(16.3, 9.7, 8.1, 4.2, 3.4, 2.9, 1.9, 1.3)), .Names = c("x", 
"y"), class = "data.frame", row.names = c("1", "2", "3", "4", 
"5", "6", "7", "8"))
