`ex13.21` <-
structure(list(thicknss = as.integer(c(240, 410, 460, 490, 520, 
590, 745, 8300)), conduct = c(12, 14.7, 14.7, 15.2, 15.2, 15.6, 
16, 18.1)), .Names = c("thicknss", "conduct"), class = "data.frame", row.names = c("1", 
"2", "3", "4", "5", "6", "7", "8"))
