`ex13.70` <-
structure(list(x1 = c(-1.2, -1.2, -1.2, 0, 0, 0, 1.2, 1.2, 1.2
), x2 = c(-1.2, 0, 1.2, -1.2, 0, 1.2, -1.2, 0, 1.2), y = c(0.858, 
3.156, 3.644, 4.281, 3.481, 3.918, 4.136, 3.364, 4.018)), .Names = c("x1", 
"x2", "y"), class = "data.frame", row.names = c("1", "2", "3", 
"4", "5", "6", "7", "8", "9"))
