`ex13.18` <-
structure(list(Cycfail = as.integer(c(1326, 1593, 4414, 5673, 
29516, 26, 843, 1016, 3410, 7101, 7356, 7904, 79, 4175, 34676, 
114789, 2672, 7532, 30220)), Strampl = c(0.01495, 0.0147, 0.011, 
0.0119, 0.00873, 0.01819, 0.0081, 0.00801, 0.006, 0.00575, 0.00576, 
0.0058, 0.01212, 0.00782, 0.00596, 0.006, 0.0088, 0.00883, 0.00676
)), .Names = c("Cycfail", "Strampl"), class = "data.frame", row.names = c("1", 
"2", "3", "4", "5", "6", "7", "8", "9", "10", "11", "12", "13", 
"14", "15", "16", "17", "18", "19"))
