`ex13.48` <-
structure(list(x1 = as.integer(c(-1, -1, 1, 1, -1, -1, 1, 1, 
0, 0, 0, 0, 0, 0, 0)), x2 = as.integer(c(-1, 1, -1, 1, 0, 0, 
0, 0, -1, -1, 1, 1, 0, 0, 0)), x3 = as.integer(c(0, 0, 0, 0, 
-1, 1, -1, 1, -1, 1, -1, 1, 0, 0, 0)), y = c(18.3, 22.2, 23, 
23, 3.3, 19.3, 19.3, 20.3, 13.1, 23, 20.9, 21.5, 22, 21.3, 22.6
)), .Names = c("x1", "x2", "x3", "y"), class = "data.frame", row.names = c("1", 
"2", "3", "4", "5", "6", "7", "8", "9", "10", "11", "12", "13", 
"14", "15"))
