`ex13.34` <-
structure(list(x = as.integer(c(-23, -5, 16, 26, 30, 38, 52, 
58, 67, 81, 96, 100, 113)), y = c(1.5, 1.46, 1.32, 1.17, 0.96, 
0.78, 0.77, 0.91, 0.78, 0.69, 0.52, 0.48, 0.55)), .Names = c("x", 
"y"), class = "data.frame", row.names = c("1", "2", "3", "4", 
"5", "6", "7", "8", "9", "10", "11", "12", "13"))
