`ex13.73` <-
structure(list(power = as.integer(c(16, 17, 19, 21, 22, 20, 15, 
5)), freq = as.integer(c(60, 63, 77, 100, 125, 157, 186, 222))), .Names = c("power", 
"freq"), class = "data.frame", row.names = c("1", "2", "3", "4", 
"5", "6", "7", "8"))
