`ex13.19` <-
structure(list(Temp = as.integer(c(200, 200, 200, 200, 200, 200, 
220, 220, 220, 220, 220, 220, 240, 240, 240, 240, 240, 240)), 
    Lifetime = as.integer(c(5933, 5404, 4947, 4963, 3358, 3878, 
    1561, 1494, 747, 768, 609, 777, 258, 299, 209, 144, 180, 
    184))), .Names = c("Temp", "Lifetime"), class = "data.frame", row.names = c("1", 
"2", "3", "4", "5", "6", "7", "8", "9", "10", "11", "12", "13", 
"14", "15", "16", "17", "18"))
