`ex13.65` <-
structure(list(Pressure = c(20, 40.4, 60.8, 80.2, 100.4, 120.3, 
141.1, 161.4, 181.9, 201.4, 220.8, 241.8, 261.1, 280.4, 300.1, 
320.6, 341.1, 360.8), Temperature = c(44.9, 102.4, 142.3, 164.8, 
192.2, 221.4, 228.4, 249.5, 269.4, 270.8, 291.5, 287.3, 313.3, 
322.3, 325.8, 337, 332.6, 342.9)), .Names = c("Pressure", "Temperature"
), class = "data.frame", row.names = c("1", "2", "3", "4", "5", 
"6", "7", "8", "9", "10", "11", "12", "13", "14", "15", "16", 
"17", "18"))
