`ex13.02` <-
structure(list(x = c(1.5, 1.5, 2, 2.5, 2.5, 3, 3.5, 3.5, 4), 
    e = c(0.31, 1.02, -1.15, -1.23, 0.23, 0.73, -1.36, 1.53, 
    0.07)), .Names = c("x", "e"), class = "data.frame", row.names = c("1", 
"2", "3", "4", "5", "6", "7", "8", "9"))
