`ex13.09d` <-
structure(list(x = as.integer(c(8, 8, 8, 8, 8, 8, 8, 19, 8, 8, 
8)), y = c(6.58, 5.76, 7.71, 8.84, 8.47, 7.04, 5.25, 12.5, 5.56, 
7.91, 6.89)), .Names = c("x", "y"), class = "data.frame", row.names = c("1", 
"2", "3", "4", "5", "6", "7", "8", "9", "10", "11"))
