`ex13.67` <-
structure(list(Obs = as.integer(c(1, 2, 3, 4, 5, 6, 7, 8, 9, 
10, 11, 12, 13, 14, 15, 16, 17, 18, 19, 20, 21, 22, 23, 24, 25, 
26, 27, 28, 29, 30, 31, 32)), pdconc = as.integer(c(16, 8, 16, 
8, 16, 8, 16, 8, 16, 8, 16, 8, 16, 8, 16, 8, 4, 20, 12, 12, 12, 
12, 12, 12, 12, 12, 12, 12, 12, 12, 12, 12)), niconc = as.integer(c(24, 
24, 16, 16, 24, 24, 16, 16, 24, 24, 16, 16, 24, 24, 16, 16, 20, 
20, 12, 28, 20, 20, 20, 20, 20, 20, 20, 20, 20, 20, 20, 20)), 
    pH = c(9, 9, 9, 9, 8, 8, 8, 8, 9, 9, 9, 9, 8, 8, 8, 8, 8.5, 
    8.5, 8.5, 8.5, 7.5, 9.5, 8.5, 8.5, 8.5, 8.5, 8.5, 8.5, 8.5, 
    8.5, 8.5, 8.5), temp = as.integer(c(35, 35, 35, 35, 35, 35, 
    35, 35, 25, 25, 25, 25, 25, 25, 25, 25, 30, 30, 30, 30, 30, 
    30, 20, 40, 30, 30, 30, 30, 30, 30, 30, 30)), currdens = as.integer(c(5, 
    3, 3, 5, 3, 5, 5, 3, 3, 5, 5, 3, 5, 3, 3, 5, 4, 4, 4, 4, 
    4, 4, 4, 4, 2, 6, 4, 4, 4, 4, 4, 4)), pallcont = c(61.5, 
    51, 81, 50.9, 66.7, 48.8, 71.3, 62.8, 64, 37.7, 68.7, 54.1, 
    61.6, 48, 73.2, 43.3, 35, 69.6, 70, 48.2, 56, 77.6, 55, 60.6, 
    54.9, 49.8, 54.1, 61.2, 52.5, 57.1, 52.5, 56.6)), .Names = c("Obs", 
"pdconc", "niconc", "pH", "temp", "currdens", "pallcont"), class = "data.frame", row.names = c("1", 
"2", "3", "4", "5", "6", "7", "8", "9", "10", "11", "12", "13", 
"14", "15", "16", "17", "18", "19", "20", "21", "22", "23", "24", 
"25", "26", "27", "28", "29", "30", "31", "32"))
