`ex13.30` <-
structure(list(x = c(1.2, 1.3, 1.5, 1.8, 2.1, 2.3, 2.5, 2.9, 
3.1, 3.2, 3.3, 3.9, 4, 4.3), y = as.integer(c(790, 950, 740, 
1230, 1000, 1465, 1370, 1420, 1625, 1600, 1720, 1500, 1550, 1560
))), .Names = c("x", "y"), class = "data.frame", row.names = c("1", 
"2", "3", "4", "5", "6", "7", "8", "9", "10", "11", "12", "13", 
"14"))
