`ex13.50` <-
structure(list(y = c(14.7, 48, 25.6, 10, 16, 16.8, 20.7, 38.8, 
16.9, 27, 16, 24.9, 7.3, 12.8), x1 = c(8.9, 36.6, 36.8, 6.1, 
6.9, 6.9, 7.3, 8.4, 6.5, 8, 4.5, 9.9, 2.9, 2), x2 = c(31.5, 27, 
25.9, 39.1, 39.2, 38.3, 33.9, 33.8, 27.9, 33.1, 26.3, 37.8, 34.6, 
36.4)), .Names = c("y", "x1", "x2"), class = "data.frame", row.names = c("1", 
"2", "3", "4", "5", "6", "7", "8", "9", "10", "11", "12", "13", 
"14"))
