`ex14.14` <-
structure(list(x = as.integer(c(1, 2, 3, 4, 5, 6, 7, 8, 9, 10, 
11, 12)), observed = as.integer(c(48, 31, 20, 9, 6, 5, 4, 2, 
1, 1, 2, NA))), .Names = c("x", "observed"), class = "data.frame", row.names = c("1", 
"2", "3", "4", "5", "6", "7", "8", "9", "10", "11", "12"))
