`ex14.21` <-
structure(list(C1 = c(1.15, 1.4, 1.34, 1.29, 1.36, 1.26, 1.22, 
1.4, 1.29, 1.41, 1.32, 1.34, 1.26, 1.36, 1.36, 1.3, 1.28, 1.45, 
1.29, 1.28, 1.38, 1.55, 1.46, 1.32)), .Names = "C1", class = "data.frame", row.names = c("1", 
"2", "3", "4", "5", "6", "7", "8", "9", "10", "11", "12", "13", 
"14", "15", "16", "17", "18", "19", "20", "21", "22", "23", "24"
))
