`ex14.09` <-
structure(list(C1 = c(0.1, 0.99, 1.14, 1.26, 3.24, 0.12, 0.26, 
0.8, 0.79, 1.16, 1.76, 0.41, 0.59, 0.27, 2.22, 0.66, 0.71, 2.21, 
0.68, 0.43, 0.11, 0.46, 0.69, 0.38, 0.91, 0.55, 0.81, 2.51, 2.77, 
0.16, 1.11, 0.02, 2.13, 0.19, 1.21, 1.13, 2.93, 2.14, 0.34, 0.44
)), .Names = "C1", class = "data.frame", row.names = c("1", "2", 
"3", "4", "5", "6", "7", "8", "9", "10", "11", "12", "13", "14", 
"15", "16", "17", "18", "19", "20", "21", "22", "23", "24", "25", 
"26", "27", "28", "29", "30", "31", "32", "33", "34", "35", "36", 
"37", "38", "39", "40"))
