`ex14.17` <-
structure(list(Number = as.integer(c(0, 1, 2, 3, 4, 5, 6, 7, 
8, 9, 10, 11, 12)), Frequency = as.integer(c(24, 16, 16, 18, 
15, 9, 6, 5, 3, 4, 3, 0, 1))), .Names = c("Number", "Frequency"
), class = "data.frame", row.names = c("1", "2", "3", "4", "5", 
"6", "7", "8", "9", "10", "11", "12", "13"))
