`ex14.22` <-
structure(list(C1 = c(69.5, 71.9, 72.6, 73.1, 73.3, 73.5, 74.1, 
74.2, 75.3, 75.5, 75.7, 75.8, 76.1, 76.2, 76.9, 77, 77.9, 78.1, 
79.6, 79.7, 79.9, 80.1, 82.2, 83.7, 93.7)), .Names = "C1", class = "data.frame", row.names = c("1", 
"2", "3", "4", "5", "6", "7", "8", "9", "10", "11", "12", "13", 
"14", "15", "16", "17", "18", "19", "20", "21", "22", "23", "24", 
"25"))
