`ex14.11` <-
structure(list(C1 = c(0.4974, 0.4976, 0.4991, 0.5014, 0.5008, 
0.4993, 0.4994, 0.501, 0.4997, 0.4993, 0.5013, 0.5, 0.5017, 0.4984, 
0.4967, 0.5028, 0.4975, 0.5013, 0.4972, 0.5047, 0.5069, 0.4977, 
0.4961, 0.4987, 0.499, 0.4974, 0.5008, 0.5, 0.4967, 0.4977, 0.4992, 
0.5007, 0.4975, 0.4998, 0.5, 0.5008, 0.5021, 0.4959, 0.5015, 
0.5012, 0.5056, 0.4991, 0.5006, 0.4987, 0.4968)), .Names = "C1", class = "data.frame", row.names = c("1", 
"2", "3", "4", "5", "6", "7", "8", "9", "10", "11", "12", "13", 
"14", "15", "16", "17", "18", "19", "20", "21", "22", "23", "24", 
"25", "26", "27", "28", "29", "30", "31", "32", "33", "34", "35", 
"36", "37", "38", "39", "40", "41", "42", "43", "44", "45"))
