`ex14.20` <-
structure(list(C1 = c(24.6, 12.7, 14.4, 30.6, 16.1, 9.5, 31.5, 
17.2, 46.9, 68.3, 30.8, 116.7, 39.5, 73.8, 80.6, 20.3, 25.8, 
30.9, 39.2, 36.8, 46.6, 15.6, 32.3)), .Names = "C1", class = "data.frame", row.names = c("1", 
"2", "3", "4", "5", "6", "7", "8", "9", "10", "11", "12", "13", 
"14", "15", "16", "17", "18", "19", "20", "21", "22", "23"))
