`ex14.23` <-
structure(list(C1 = as.integer(c(257, 327, 317, 300, 340, 340, 
343, 374, 377, 386, 383, 393, 407, 407, 434, 427, 440, 407, 450, 
440, 456, 460, 456, 476, 480, 490, 497, 526, 546, 700))), .Names = "C1", class = "data.frame", row.names = c("1", 
"2", "3", "4", "5", "6", "7", "8", "9", "10", "11", "12", "13", 
"14", "15", "16", "17", "18", "19", "20", "21", "22", "23", "24", 
"25", "26", "27", "28", "29", "30"))
