`ex15.03` <-
structure(list(C1 = c(7.02, 7.35, 7.34, 7.17, 7.28, 7.77, 7.09, 
7.22, 7.45, 6.95, 7.4, 7.1, 7.32, 7.14)), .Names = "C1", class = "data.frame", row.names = c("1", 
"2", "3", "4", "5", "6", "7", "8", "9", "10", "11", "12", "13", 
"14"))
