`ex15.15` <-
structure(list(Unexposed = as.integer(c(8, 11, 12, 14, 20, 43, 
111, NA)), Exposed = as.integer(c(35, 56, 83, 92, 128, 150, 176, 
208))), .Names = c("Unexposed", "Exposed"), class = "data.frame", row.names = c("1", 
"2", "3", "4", "5", "6", "7", "8"))
