`ex15.27` <-
structure(list(Dog = as.integer(c(1, 2, 3, 4, 5, 6, 7, 8, 9, 
10)), Isoflurane = c(0.28, 0.51, 1, 0.39, 0.29, 0.36, 0.32, 0.69, 
0.17, 0.33), Halothane = c(0.3, 0.39, 0.63, 0.38, 0.21, 0.88, 
0.39, 0.51, 0.32, 0.42), Cyclopropane = c(1.07, 1.35, 0.69, 0.28, 
1.24, 1.53, 0.49, 0.56, 1.02, 0.3)), .Names = c("Dog", "Isoflurane", 
"Halothane", "Cyclopropane"), class = "data.frame", row.names = c("1", 
"2", "3", "4", "5", "6", "7", "8", "9", "10"))
