`ex15.25` <-
structure(list(Group.1 = as.integer(c(262, 307, 211, 323, 454, 
339, 304, 154, 287, 356)), Group.2 = as.integer(c(465, 501, 455, 
355, 468, 362, NA, NA, NA, NA)), Group.3 = as.integer(c(343, 
772, 207, 1048, 838, 687, NA, NA, NA, NA))), .Names = c("Group.1", 
"Group.2", "Group.3"), class = "data.frame", row.names = c("1", 
"2", "3", "4", "5", "6", "7", "8", "9", "10"))
