`ex15.28` <-
structure(list(Subject = as.integer(c(1, 2, 3, 4, 5, 6, 7, 8)), 
    Potato = c(1.88, 2.6, 1.38, 4.41, 1.87, 2.89, 3.96, 2.31), 
    Rice = c(1.7, 3.84, 1.13, 4.97, 0.86, 1.93, 3.36, 2.15)), .Names = c("Subject", 
"Potato", "Rice"), class = "data.frame", row.names = c("1", "2", 
"3", "4", "5", "6", "7", "8"))
