`ex15.10` <-
structure(list(adhesv.1 = as.integer(c(229, 286, 245, 299, 250
)), adhesv.2 = as.integer(c(213, 179, 163, 247, 225))), .Names = c("adhesv.1", 
"adhesv.2"), class = "data.frame", row.names = c("1", "2", "3", 
"4", "5"))
