`ex15.05` <-
structure(list(Sample = as.integer(c(1, 2, 3, 4, 5, 6, 7, 8, 
9, 10, 11, 12)), Gravimetric = c(54.7, 58.5, 66.8, 46.1, 52.3, 
74.3, 92.5, 40.2, 87.3, 74.8, 63.2, 68.5), Spectrophotometric = c(55, 
55.7, 62.9, 45.5, 51.1, 75.4, 89.6, 38.4, 86.8, 72.5, 62.3, 66
)), .Names = c("Sample", "Gravimetric", "Spectrophotometric"), class = "data.frame", row.names = c("1", 
"2", "3", "4", "5", "6", "7", "8", "9", "10", "11", "12"))
