`ex15.29` <-
structure(list(C1 = c(1973, 2.8, 5.9, 3.3, 4.4, 1.7, 3.8, 6.6, 
3.1, 0), C2 = c(1974, 3.6, 1.7, 5.1, 2.2, 2.1, 4.1, 4.7, 2.7, 
1.3), C3 = c(1975, 1.4, 0.9, 1.1, 3.2, 0.8, 1.5, 2.8, 1.4, 0.5
), C4 = c(1976, 2, 2.2, 0.9, 1.1, 0.5, 1.2, 1.4, 3.5, 1.2)), .Names = c("C1", 
"C2", "C3", "C4"), class = "data.frame", row.names = c("1", "2", 
"3", "4", "5", "6", "7", "8", "9", "10"))
