`ex15.14` <-
structure(list(Orange.juice = c(8.2, 9.5, 9.5, 9.7, 10, 14.5, 
15.2, 16.1, 17.6, 21.5), Ascorbic.acid = c(4.2, 5.2, 5.8, 6.4, 
7, 7.3, 9.5, 10, 11.5, 11.5)), .Names = c("Orange.juice", "Ascorbic.acid"
), class = "data.frame", row.names = c("1", "2", "3", "4", "5", 
"6", "7", "8", "9", "10"))
