`ex15.26` <-
structure(list(Blocks = as.integer(c(1, 2, 3, 4, 5, 6, 7, 8, 
9, 10)), A = c(37.1, 31.8, 28, 25.9, 25.5, 25.3, 23.7, 24.4, 
21.7, 26.2), B = c(33.2, 25.3, 20.2, 20.3, 18.3, 19.3, 17.3, 
17, 16.7, 18.3), C = c(58.9, 54.2, 49.2, 47.9, 38.2, 48.8, 47.8, 
40.2, 44, 46.4), D = c(56.7, 49.6, 46.4, 40.9, 39.4, 37.1, 37.5, 
39.6, 35.1, 36.5)), .Names = c("Blocks", "A", "B", "C", "D"), class = "data.frame", row.names = c("1", 
"2", "3", "4", "5", "6", "7", "8", "9", "10"))
