`ex15.23` <-
structure(list(Region.1 = c(6.4, 5.8, 6.5, 7.7, 6.1), Region.2 = c(7.1, 
9.9, 11.2, 10.5, 8.8), Region.3 = c(5.7, 5.9, 8.2, 6.6, 5.1), 
    Region.4 = c(9.5, 12.1, 10.3, 12.4, 11.7)), .Names = c("Region.1", 
"Region.2", "Region.3", "Region.4"), class = "data.frame", row.names = c("1", 
"2", "3", "4", "5"))
