`ex15.33` <-
structure(list(C1 = c(1.7, 3.3, 5.1, 6.9, 12.6, 14.4, 16.4, 24.6, 
26, 26.5, 32.1, 37.4, 40.1, 40.5, 41.5, 72.4, 80.1, 86.4, 87.5, 
100.2)), .Names = "C1", class = "data.frame", row.names = c("1", 
"2", "3", "4", "5", "6", "7", "8", "9", "10", "11", "12", "13", 
"14", "15", "16", "17", "18", "19", "20"))
