`ex15.04` <-
structure(list(C1 = c(30.6, 30.1, 15.6, 26.7, 27.1, 25.4, 35, 
30.8, 31.9, 53.2, 12.5, 23.2, 8.8, 24.9, 30.2)), .Names = "C1", class = "data.frame", row.names = c("1", 
"2", "3", "4", "5", "6", "7", "8", "9", "10", "11", "12", "13", 
"14", "15"))
