`ex15.11` <-
structure(list(Oak = c(1.72, 0.67, 1.55, 1.56, 1.42, 1.23, 1.77, 
0.48), Pine = c(0.98, 1.4, 1.33, 1.52, 0.73, 1.2, NA, NA)), .Names = c("Oak", 
"Pine"), class = "data.frame", row.names = c("1", "2", "3", "4", 
"5", "6", "7", "8"))
