`ex15.32` <-
structure(list(Lateral = c(0.86, 1.31, 1.64, 1.51, 1.53, 1.39, 
1.09), Diagonal = c(1.27, 1.82, 1.66, 0.85, 1.45, 1.24, NA)), .Names = c("Lateral", 
"Diagonal"), class = "data.frame", row.names = c("1", "2", "3", 
"4", "5", "6", "7"))
