`ex15.24` <-
structure(list(fasting = c(4.079, 4.859, 3.54, 5.047, 3.298, 
4.679, 2.87, 4.648, 3.847), X23.protein = c(4.368, 5.668, 3.752, 
5.848, 3.802, 4.844, 3.578, 5.393, 4.374), X32.protein = c(4.169, 
5.709, 4.416, 5.666, 4.123, 5.059, 4.403, 4.496, 4.688), X67.protein = c(4.928, 
5.608, 4.94, 5.291, 4.674, 5.038, 4.905, 5.208, 4.806)), .Names = c("fasting", 
"X23.protein", "X32.protein", "X67.protein"), class = "data.frame", row.names = c("1", 
"2", "3", "4", "5", "6", "7", "8", "9"))
