`ex16.09` <-
structure(list(xbar = c(95.47, 97.38, 96.85, 96.64, 96.87, 96.52, 
96.08, 96.48, 96.63, 96.5, 97.22, 96.55, 97.02, 95.55, 96.29, 
96.8, 96.01, 95.39, 96.58, 96.43, 97.06, 98.34, 96.42, 95.99), 
    stderr = c(1.3, 0.88, 1.43, 1.59, 1.52, 1.27, 1.16, 0.79, 
    1.48, 0.8, 1.42, 1.65, 1.28, 1.14, 1.37, 1.4, 1.58, 0.98, 
    1.21, 0.75, 1.34, 1.6, 1.22, 1.18)), .Names = c("xbar", "stderr"
), class = "data.frame", row.names = c("1", "2", "3", "4", "5", 
"6", "7", "8", "9", "10", "11", "12", "13", "14", "15", "16", 
"17", "18", "19", "20", "21", "22", "23", "24"))
