`ex16.25` <-
structure(list(C1 = structure(as.integer(c(21, 22, 1, 12, 14, 
15, 16, 17, 18, 19, 20, 2, 3, 4, 5, 6, 7, 8, 9, 10, 11, 13)), .Label = c("1", 
"10", "11", "12", "13", "14", "15", "16", "17", "18", "19", "2", 
"20", "3", "4", "5", "6", "7", "8", "9", "C1", "Panel"), class = "factor"), 
    C2 = structure(as.integer(c(5, 4, 2, 1, 2, 2, 3, 3, 2, 3, 
    1, 1, 1, 2, 2, 3, 3, 3, 2, 1, 1, 1)), .Label = c("0.6", "0.8", 
    "1", "Area Examined", "C2"), class = "factor"), C3 = structure(as.integer(c(10, 
    9, 5, 4, 5, 4, 7, 7, 2, 3, 6, 4, 1, 5, 7, 6, 8, 3, 5, 5, 
    7, 1)), .Label = c("1", "10", "12", "2", "3", "4", "5", "6", 
    "# Blemishes", "C3"), class = "factor")), .Names = c("C1", 
"C2", "C3"), class = "data.frame", row.names = c("1", "2", "3", 
"4", "5", "6", "7", "8", "9", "10", "11", "12", "13", "14", "15", 
"16", "17", "18", "19", "20", "21", "22"))
