`ex16.14` <-
structure(list(C1 = c(0.204, 0.315, 0.096, 0.184, 0.23, 0.212, 
0.322, 0.287, 0.145, 0.211, 0.053, 0.145, 0.272, 0.351, 0.159, 
0.214, 0.388, 0.187, 0.15, 0.229, 0.276, 0.118, 0.091, 0.056)), .Names = "C1", class = "data.frame", row.names = c("1", 
"2", "3", "4", "5", "6", "7", "8", "9", "10", "11", "12", "13", 
"14", "15", "16", "17", "18", "19", "20", "21", "22", "23", "24"
))
