`ex16.43` <-
structure(list(Col1 = as.integer(c(4, 4, 3, 4, 4, 3, 4, 4, 4, 
4, 4, 4, 4, 4, 3, 4, 3, 4, 4, 4)), Col2 = c(430, 418.2, 435.5, 
427.6, 444, 431.4, 420.8, 431.4, 428.7, 440.1, 445.2, 430.1, 
427.2, 439.6, 415.9, 419.8, 447, 434.4, 422.2, 425.7), Col3 = c(22.5, 
20.6, 25.1, 22.3, 21.5, 28.9, 25.4, 24, 21.2, 25.8, 27.3, 22.2, 
24, 23.3, 31.2, 27.5, 19.8, 23.7, 25.1, 24.4)), .Names = c("Col1", 
"Col2", "Col3"), class = "data.frame", row.names = c("1", "2", 
"3", "4", "5", "6", "7", "8", "9", "10", "11", "12", "13", "14", 
"15", "16", "17", "18", "19", "20"))
