`ex16.06` <-
structure(list(Obs.1 = c(12.2, 12.4, 12.9, 13.2, 12.8, 13.9, 
12.2, 12.6, 14.6, 12.8, 12.6, 13.5, 13.4, 13.5, 12.3, 12.6, 12.1, 
13, 12.4, 12.7, 12.6, 12.7), Obs.2 = c(12.1, 13.3, 12.7, 13, 
12.3, 13.4, 14.4, 12.8, 13.4, 12.3, 13.1, 12.3, 13.3, 12.4, 12.8, 
13.4, 12.7, 12.8, 13.2, 12.4, 12.8, 13.4), Obs.3 = c(13.3, 12.8, 
14.2, 13, 12.2, 13.1, 12.4, 13.5, 12.2, 12.6, 12.7, 12.8, 12, 
13, 13, 12.1, 13.4, 13, 13, 12.4, 12.7, 12.1), Obs.4 = c(13, 
12.6, 12.5, 12.6, 13.3, 12.4, 12.4, 13.9, 13.7, 13.2, 13.2, 13.1, 
12.9, 13.6, 12.8, 13.2, 13, 13.3, 14, 13.9, 13.4, 13.2), Obs.5 = c(13, 
12.9, 12.9, 13.9, 12, 13.2, 12.5, 13.1, 12.5, 12.8, 12.3, 12.9, 
13.1, 13.4, 13.5, 13.3, 13.9, 13.1, 13.1, 12.8, 13, 13.3)), .Names = c("Obs.1", 
"Obs.2", "Obs.3", "Obs.4", "Obs.5"), class = "data.frame", row.names = c("1", 
"2", "3", "4", "5", "6", "7", "8", "9", "10", "11", "12", "13", 
"14", "15", "16", "17", "18", "19", "20", "21", "22"))
