`ex16.41` <-
structure(list(C1 = c(51.3, 51, 50.8, 50.6, 49.6, 51.3, 49.7, 
51.8, 48.6, 49.6, 49.9, 49.6, 49.8, 50.4, 49.4, 50.7, 50.8, 48.5, 
49.6, 50.9, 54.1, 50.2), C2 = c(51.7, 50, 51.1, 51.1, 50.5, 52, 
50.5, 50.3, 50.5, 49.8, 50.7, 48.4, 51.2, 49.9, 49.5, 49, 49.5, 
50.3, 50.6, 49.4, 49.8, 49.6), C3 = c(49.5, 49.3, 49, 49, 50.9, 
50.3, 50.3, 50, 50.7, 50.5, 49.8, 50, 49.7, 50.7, 49, 50, 50.9, 
49.3, 49.4, 49.7, 48.5, 51.5)), .Names = c("C1", "C2", "C3"), class = "data.frame", row.names = c("1", 
"2", "3", "4", "5", "6", "7", "8", "9", "10", "11", "12", "13", 
"14", "15", "16", "17", "18", "19", "20", "21", "22"))
