`xmp06.03` <-
structure(list(Strength = c(44.2, 43.9, 44.7, 44.2, 44, 43.8, 
44.6, 43.1)), .Names = "Strength", class = "data.frame", row.names = c("1", 
"2", "3", "4", "5", "6", "7", "8"))
