`xmp01.14` <-
structure(list(copper = c(2, 2.4, 2.5, 2.6, 2.6, 2.7, 2.7, 2.8, 
3, 3.1, 3.2, 3.3, 3.3, 3.4, 3.6, 3.6, 3.6, 3.7, 4.4, 4.6, 4.7, 
4.8, 5.3, 10.1)), .Names = "copper", class = "data.frame", row.names = c("1", 
"2", "3", "4", "5", "6", "7", "8", "9", "10", "11", "12", "13", 
"14", "15", "16", "17", "18", "19", "20", "21", "22", "23", "24"
))
