`xmp01.13` <-
structure(list(concentration = c(15.2, 9.3, 7.6, 11.9, 10.4, 
9.7, 20.4, 9.4, 11.5, 16.2, 9.4, 8.3)), .Names = "concentration", class = "data.frame", row.names = c("1", 
"2", "3", "4", "5", "6", "7", "8", "9", "10", "11", "12"))
