`xmp09.10` <-
structure(list(slide = as.integer(c(30, 35, 40, 25, 20, 30, 35, 
62, 40, 51, 25, 42, 33)), digital = as.integer(c(25, 16, 15, 
15, 10, 20, 7, 16, 15, 13, 11, 19, 19))), .Names = c("slide", 
"digital"), class = "data.frame", row.names = c("1", "2", "3", 
"4", "5", "6", "7", "8", "9", "10", "11", "12", "13"))
