`xmp07.11` <-
structure(list(Elasticity = as.integer(c(10490, 16620, 17300, 
15480, 12970, 17260, 13400, 13900, 13630, 13260, 14370, 11700, 
15470, 17840, 14070, 14760))), .Names = "Elasticity", class = "data.frame", row.names = c("1", 
"2", "3", "4", "5", "6", "7", "8", "9", "10", "11", "12", "13", 
"14", "15", "16"))
