`xmp01.01` <-
structure(list(temp = as.integer(c(84, 49, 61, 40, 83, 67, 45, 
66, 70, 69, 80, 58, 68, 60, 67, 72, 73, 70, 57, 63, 70, 78, 52, 
67, 53, 67, 75, 61, 70, 81, 76, 79, 75, 76, 58, 31))), .Names = "temp", class = "data.frame", row.names = c("1", 
"2", "3", "4", "5", "6", "7", "8", "9", "10", "11", "12", "13", 
"14", "15", "16", "17", "18", "19", "20", "21", "22", "23", "24", 
"25", "26", "27", "28", "29", "30", "31", "32", "33", "34", "35", 
"36"))
