`xmp04.30` <-
structure(list(Voltage = c(24.46, 25.61, 26.25, 26.42, 26.66, 
27.15, 27.31, 27.54, 27.74, 27.94, 27.98, 28.04, 28.28, 28.49, 
28.5, 28.87, 29.11, 29.13, 29.5, 30.88), z.percentile = c(-1.96, 
-1.44, -1.15, -0.93, -0.76, -0.6, -0.45, -0.32, -0.19, -0.06, 
0.06, 0.19, 0.32, 0.45, 0.6, 0.76, 0.93, 1.15, 1.44, 1.96)), .Names = c("Voltage", 
"z.percentile"), class = "data.frame", row.names = c("1", "2", 
"3", "4", "5", "6", "7", "8", "9", "10", "11", "12", "13", "14", 
"15", "16", "17", "18", "19", "20"))
