`xmp01.17` <-
structure(list(depth = as.integer(c(40, 52, 55, 60, 70, 76, 85, 
85, 90, 90, 92, 94, 94, 95, 98, 100, 115, 125, 125))), .Names = "depth", class = "data.frame", row.names = c("1", 
"2", "3", "4", "5", "6", "7", "8", "9", "10", "11", "12", "13", 
"14", "15", "16", "17", "18", "19"))
