`xmp04.31` <-
structure(list(lifetime = as.integer(c(282, 501, 741, 851, 1072, 
1122, 1202, 1585, 1905, 2138))), .Names = "lifetime", class = "data.frame", row.names = c("1", 
"2", "3", "4", "5", "6", "7", "8", "9", "10"))
