`xmp09.09` <-
structure(list(Subject = as.integer(c(1, 2, 3, 4, 5, 6, 7, 8, 
9, 10, 11, 12, 13, 14, 15, 16)), Before = as.integer(c(81, 87, 
86, 82, 90, 86, 96, 73, 74, 75, 72, 80, 66, 72, 56, 82)), After = as.integer(c(78, 
91, 78, 78, 84, 67, 92, 70, 58, 62, 70, 58, 66, 60, 65, 73)), 
    Difference = as.integer(c(3, -4, 8, 4, 6, 19, 4, 3, 16, 13, 
    2, 22, 0, 12, -9, 9))), .Names = c("Subject", "Before", "After", 
"Difference"), class = "data.frame", row.names = c("1", "2", 
"3", "4", "5", "6", "7", "8", "9", "10", "11", "12", "13", "14", 
"15", "16"))
