`xmp04.28` <-
structure(list(observation = c(-1.91, -1.25, -0.75, -0.53, 0.2, 
0.35, 0.72, 0.87, 1.4, 1.56), z.percentile = c(-1.645, -1.037, 
-0.675, -0.385, -0.126, 0.126, 0.385, 0.675, 1.037, 1.645)), .Names = c("observation", 
"z.percentile"), class = "data.frame", row.names = c("1", "2", 
"3", "4", "5", "6", "7", "8", "9", "10"))
