`xmp04.29` <-
structure(list(meas.err = c(-1.91, -1.25, -0.75, -0.53, 0.2, 
0.35, 0.72, 0.87, 1.4, 1.56)), .Names = "meas.err", class = "data.frame", row.names = c("1", 
"2", "3", "4", "5", "6", "7", "8", "9", "10"))
