`xmp07.06` <-
structure(list(Voltage = as.integer(c(62, 50, 53, 57, 41, 53, 
55, 61, 59, 64, 50, 53, 64, 62, 50, 68, 54, 55, 57, 50, 55, 50, 
56, 55, 46, 55, 53, 54, 52, 47, 47, 55, 57, 48, 63, 57, 57, 55, 
53, 59, 53, 52, 50, 55, 60, 50, 56, 58))), .Names = "Voltage", class = "data.frame", row.names = c("1", 
"2", "3", "4", "5", "6", "7", "8", "9", "10", "11", "12", "13", 
"14", "15", "16", "17", "18", "19", "20", "21", "22", "23", "24", 
"25", "26", "27", "28", "29", "30", "31", "32", "33", "34", "35", 
"36", "37", "38", "39", "40", "41", "42", "43", "44", "45", "46", 
"47", "48"))
