`xmp06.02` <-
structure(list(Voltage = c(24.46, 25.61, 26.25, 26.42, 26.66, 
27.15, 27.31, 27.54, 27.74, 27.94, 27.98, 28.04, 28.28, 28.49, 
28.5, 28.87, 29.11, 29.13, 29.5, 30.88)), .Names = "Voltage", class = "data.frame", row.names = c("1", 
"2", "3", "4", "5", "6", "7", "8", "9", "10", "11", "12", "13", 
"14", "15", "16", "17", "18", "19", "20"))
