`xmp01.06` <-
structure(list(yardage = as.integer(c(6435, 6464, 6433, 6470, 
6526, 6527, 6506, 6583, 6605, 6694, 6614, 6790, 6770, 6700, 6798, 
6770, 6745, 6713, 6890, 6870, 6873, 6850, 6900, 6927, 6936, 6904, 
7051, 7005, 7011, 7040, 7050, 7022, 7131, 7169, 7168, 7105, 7113, 
7165, 7280, 7209))), .Names = "yardage", class = "data.frame", row.names = c("1", 
"2", "3", "4", "5", "6", "7", "8", "9", "10", "11", "12", "13", 
"14", "15", "16", "17", "18", "19", "20", "21", "22", "23", "24", 
"25", "26", "27", "28", "29", "30", "31", "32", "33", "34", "35", 
"36", "37", "38", "39", "40"))
