`xmp01.02` <-
structure(list(C1 = c(5.9, 7.2, 7.3, 6.3, 8.1, 6.8, 7, 7.6, 6.8, 
6.5, 7, 6.3, 7.9, 9, 8.2, 8.7, 7.8, 9.7, 7.4, 7.7, 9.7, 7.8, 
7.7, 11.6, 11.3, 11.8, 10.7)), .Names = "C1", class = "data.frame", row.names = c("1", 
"2", "3", "4", "5", "6", "7", "8", "9", "10", "11", "12", "13", 
"14", "15", "16", "17", "18", "19", "20", "21", "22", "23", "24", 
"25", "26", "27"))
