`xmp07.15` <-
structure(list(voltage = as.integer(c(1470, 1510, 1690, 1740, 
1900, 2000, 2030, 2100, 2190, 2200, 2290, 2380, 2390, 2480, 2500, 
2580, 2700))), .Names = "voltage", class = "data.frame", row.names = c("1", 
"2", "3", "4", "5", "6", "7", "8", "9", "10", "11", "12", "13", 
"14", "15", "16", "17"))
