`xmp01.12` <-
structure(list(crackLength = c(16.1, 9.6, 24.9, 20.4, 12.7, 21.2, 
30.2, 25.8, 18.5, 10.3, 25.3, 14, 27.1, 45, 23.3, 24.2, 14.6, 
8.9, 32.4, 11.8, 28.5)), .Names = "crackLength", class = "data.frame", row.names = c("1", 
"2", "3", "4", "5", "6", "7", "8", "9", "10", "11", "12", "13", 
"14", "15", "16", "17", "18", "19", "20", "21"))
