`xmp01.18` <-
structure(list(C1 = c(5.3, 8.2, 13.8, 74.1, 85.3, 88, 90.2, 91.5, 
92.4, 92.9, 93.6, 94.3, 94.8, 94.9, 95.5, 95.8, 95.9, 96.6, 96.7, 
98.1, 99, 101.4, 103.7, 106, 113.5)), .Names = "C1", class = "data.frame", row.names = c("1", 
"2", "3", "4", "5", "6", "7", "8", "9", "10", "11", "12", "13", 
"14", "15", "16", "17", "18", "19", "20", "21", "22", "23", "24", 
"25"))
