`xmp01.11` <-
structure(list(strength = c(11.5, 12.1, 9.9, 9.3, 7.8, 6.2, 6.6, 
7, 13.4, 17.1, 9.3, 5.6, 5.7, 5.4, 5.2, 5.1, 4.9, 10.7, 15.2, 
8.5, 4.2, 4, 3.9, 3.8, 3.6, 3.4, 20.6, 25.5, 13.8, 12.6, 13.1, 
8.9, 8.2, 10.7, 14.2, 7.6, 5.2, 5.5, 5.1, 5, 5.2, 4.8, 4.1, 3.8, 
3.7, 3.6, 3.6, 3.6)), .Names = "strength", class = "data.frame", row.names = c("1", 
"2", "3", "4", "5", "6", "7", "8", "9", "10", "11", "12", "13", 
"14", "15", "16", "17", "18", "19", "20", "21", "22", "23", "24", 
"25", "26", "27", "28", "29", "30", "31", "32", "33", "34", "35", 
"36", "37", "38", "39", "40", "41", "42", "43", "44", "45", "46", 
"47", "48"))
