`xmp06.13` <-
structure(list(Survival = as.integer(c(152, 115, 109, 94, 88, 
137, 152, 77, 160, 165, 125, 40, 128, 123, 136, 101, 62, 153, 
83, 69))), .Names = "Survival", class = "data.frame", row.names = c("1", 
"2", "3", "4", "5", "6", "7", "8", "9", "10", "11", "12", "13", 
"14", "15", "16", "17", "18", "19", "20"))
