`xmp09.08` <-
structure(list(bottom = c(0.43, 0.266, 0.567, 0.531, 0.707, 0.716
), surface = c(0.415, 0.238, 0.39, 0.41, 0.605, 0.609)), .Names = c("bottom", 
"surface"), class = "data.frame", row.names = c("1", "2", "3", 
"4", "5", "6"))
