`xmp01.15` <-
structure(list(Strength = c(0.684, 2.54, 0.924, 3.13, 1.038, 
0.598, 0.483, 3.52, 1.285, 2.65, 1.497)), .Names = "Strength", class = "data.frame", row.names = c("1", 
"2", "3", "4", "5", "6", "7", "8", "9", "10", "11"))
