`xmp09.07` <-
structure(list(strength = as.integer(c(2748, 2700, 2655, 2822, 
2511, 3149, 3257, 3213, 3220, 2753, 3027, 3356, 3359, 3297, 3125, 
2910, 2889, 2902)), type = structure(as.integer(c(2, 2, 2, 2, 
2, 2, 2, 2, 2, 2, 1, 1, 1, 1, 1, 1, 1, 1)), .Label = c("fused", 
"nofusion"), class = "factor")), .Names = c("strength", "type"
), class = "data.frame", row.names = c("1", "2", "3", "4", "5", 
"6", "7", "8", "9", "10", "11", "12", "13", "14", "15", "16", 
"17", "18"))
