`xmp13.19` <-
structure(list(y = c(60, 61, 65, 30.5, 63.5, 65, 44, 52, 54.5, 
30, 26, 23, 54, 36, 53.5, 57, 33.5, 34, 44, 33, 39, 53, 38.5, 
39.5, 36, 8.5, 30, 29, 26.5, 24.5, 26.5), x1 = as.integer(c(2400, 
2450, 2450, 2500, 2500, 2500, 2700, 2700, 2700, 2750, 2775, 2800, 
2800, 2900, 2900, 3000, 3075, 3100, 3150, 3200, 3200, 3200, 3225, 
3250, 3250, 3250, 3500, 3500, 3500, 3600, 3900)), x2 = c(54.5, 
56, 58.5, 43, 58, 59, 52.5, 65.5, 68, 45, 45.5, 48, 63, 58.5, 
64.5, 66, 57, 57.5, 64, 57, 64, 69, 68, 62, 64.5, 48, 60, 59, 
58, 58, 61), x.1 = c(-1.52428, -1.39535, -1.39535, -1.26642, 
-1.26642, -1.26642, -0.7507, -0.7507, -0.7507, -0.62177, -0.55731, 
-0.49284, -0.49284, -0.23499, -0.23499, 0.02287, 0.21627, 0.28073, 
0.40966, 0.53859, 0.53859, 0.53859, 0.60305, 0.66752, 0.66752, 
0.66752, 1.31216, 1.31216, 1.31216, 1.57002, 2.3436), x.2 = c(-0.57145, 
-0.35543, 0.00461, -2.22763, -0.0674, 0.07662, -0.85948, 1.01272, 
1.37276, -1.9396, -1.86759, -1.50755, 0.65268, 0.00461, 0.8687, 
1.08472, -0.21141, -0.13941, 0.79669, -0.21141, 0.79669, 1.51677, 
1.37276, 0.50866, 0.8687, -1.50755, 0.22063, 0.07662, -0.0674, 
-0.0674, 0.36465)), .Names = c("y", "x1", "x2", "x.1", "x.2"), class = "data.frame", row.names = c("1", 
"2", "3", "4", "5", "6", "7", "8", "9", "10", "11", "12", "13", 
"14", "15", "16", "17", "18", "19", "20", "21", "22", "23", "24", 
"25", "26", "27", "28", "29", "30", "31"))
