`xmp13.04` <-
structure(list(x = as.integer(c(2, 10, 20, 30, 40, 50, 60, 70, 
80, 90, 100)), y = as.integer(c(408, 274, 196, 137, 90, 78, 51, 
40, 30, 22, 15))), .Names = c("x", "y"), class = "data.frame", row.names = c("1", 
"2", "3", "4", "5", "6", "7", "8", "9", "10", "11"))
