`xmp11.05` <-
structure(list(power = as.integer(c(685, 722, 733, 811, 828, 
792, 806, 802, 888, 920, 838, 893, 880, 952, 978, 875, 953, 941, 
1005, 1023)), humid = structure(as.integer(c(1, 1, 1, 1, 1, 2, 
2, 2, 2, 2, 3, 3, 3, 3, 3, 4, 4, 4, 4, 4)), .Label = c("1", "2", 
"3", "4"), class = c("ordered", "factor")), brand = structure(as.integer(c(1, 
2, 3, 4, 5, 1, 2, 3, 4, 5, 1, 2, 3, 4, 5, 1, 2, 3, 4, 5)), .Label = c("1", 
"2", "3", "4", "5"), class = "factor")), .Names = c("power", 
"humid", "brand"), class = "data.frame", row.names = c("1", "2", 
"3", "4", "5", "6", "7", "8", "9", "10", "11", "12", "13", "14", 
"15", "16", "17", "18", "19", "20"))
