`xmp12.08` <-
structure(list(x = as.integer(c(12, 30, 36, 40, 45, 57, 62, 67, 
71, 78, 93, 94, 100, 105)), y = c(3.3, 3.2, 3.4, 3, 2.8, 2.9, 
2.7, 2.6, 2.5, 2.6, 2.2, 2, 2.3, 2.1)), .Names = c("x", "y"), class = "data.frame", row.names = c("1", 
"2", "3", "4", "5", "6", "7", "8", "9", "10", "11", "12", "13", 
"14"))
