`xmp12.10` <-
structure(list(x = c(5.7, 6.8, 9.6, 10, 10.7, 12.6, 14.4, 15, 
15.3, 16.2, 17.8, 18.7, 19.7, 20.6, 25), y = c(119, 121.3, 118.2, 
124, 112.3, 114.1, 112.2, 115.1, 111.3, 107.2, 108.9, 107.8, 
111, 106.2, 105)), .Names = c("x", "y"), class = "data.frame", row.names = c("1", 
"2", "3", "4", "5", "6", "7", "8", "9", "10", "11", "12", "13", 
"14", "15"))
