`xmp10.10` <-
structure(list(travel = as.integer(c(55, 53, 54, 26, 37, 32, 
78, 91, 85, 92, 100, 96, 49, 51, 50, 80, 85, 83)), Rail = structure(as.integer(c(1, 
1, 1, 2, 2, 2, 3, 3, 3, 4, 4, 4, 5, 5, 5, 6, 6, 6)), .Label = c("1", 
"2", "3", "4", "5", "6"), class = "factor")), .Names = c("travel", 
"Rail"), class = "data.frame", row.names = c("1", "2", "3", "4", 
"5", "6", "7", "8", "9", "10", "11", "12", "13", "14", "15", 
"16", "17", "18"))
