`xmp11.12` <-
structure(list(Age = as.integer(c(1, 1, 1, 1, 2, 2, 2, 2)), Temperature = as.integer(c(1, 
1, 2, 2, 1, 1, 2, 2)), Soil.1 = as.integer(c(471, 413, 485, 552, 
712, 637, 712, 789)), Soil.2 = as.integer(c(385, 434, 530, 593, 
770, 705, 3741, 806))), .Names = c("Age", "Temperature", "Soil.1", 
"Soil.2"), class = "data.frame", row.names = c("1", "2", "3", 
"4", "5", "6", "7", "8"))
