`xmp12.12` <-
structure(list(x = c(0.1, 0.16, 0.31, 0.37, 0.37, 0.46, 0.5, 
0.5, 0.6, 0.7, 0.75, 0.8, 0.9, 1, 1.07, 1.08, 1.11, 1.3, 1.37, 
1.54), y = c(0.96, 1.1, 0.8, 0.84, 0.77, 0.87, 0.6, 0.87, 0.6, 
0.61, 0.7, 0.41, 0.4, 0.41, 0.45, 0.59, 0.25, 0.25, 0.08, 0.1
)), .Names = c("x", "y"), class = "data.frame", row.names = c("1", 
"2", "3", "4", "5", "6", "7", "8", "9", "10", "11", "12", "13", 
"14", "15", "16", "17", "18", "19", "20"))
