`xmp13.03` <-
structure(list(x = as.integer(c(600, 600, 600, 600, 500, 500, 
500, 500, 400, 400, 400, 400)), y = c(2.35, 2.65, 3, 3.6, 6.4, 
7.8, 9.8, 16.5, 21.5, 24.5, 26, 33)), .Names = c("x", "y"), class = "data.frame", row.names = c("1", 
"2", "3", "4", "5", "6", "7", "8", "9", "10", "11", "12"))
