`xmp12.02` <-
structure(list(x = c(3.3, 3.4, 3.4, 3.5, 3.6, 3.6, 3.7, 3.7, 
3.8, 3.8, 3.9, 4, 4.1, 4.2, 4.3, 4.4, 4.5, 5, 5.1), y = c(7.3, 
10.8, 13.1, 10.4, 5.8, 9.3, 12.4, 14.9, 11.2, 8, 6.6, 10, 9.2, 
12.4, 2.3, 4.3, 3, 1.6, 1)), .Names = c("x", "y"), class = "data.frame", row.names = c("1", 
"2", "3", "4", "5", "6", "7", "8", "9", "10", "11", "12", "13", 
"14", "15", "16", "17", "18", "19"))
