`xmp15.04` <-
structure(list(Polluted = c(21.3, 18.7, 23, 17.1, 16.8, 20.9, 
19.7), Unpolluted = c(14.2, 18.3, 17.2, 18.4, 20, NA, NA)), .Names = c("Polluted", 
"Unpolluted"), class = "data.frame", row.names = c("1", "2", 
"3", "4", "5", "6", "7"))
