`xmp11.10` <-
structure(list(Tempr = c(3.6, 3.8, 3.9, 3.4, 3.7, 3.9, 2.9, 2.8, 
2.7, 2.5, 2.4, 2.2, 3.8, 3.6, 4, 3.8, 3.9, 3.9, 2.9, 2.9, 2.8, 
2.4, 2.2, 2.2, 3.7, 3.9, 4.2, 3.8, 4, 3.9, 2.9, 2.7, 2.8, 2.1, 
2, 1.8, 3.6, 3.5, 3.8, 3.6, 3.7, 3.9, 2.6, 2.9, 2.9, 2, 2, 1.9, 
4.2, 4, 3.9, 4.4, 3.9, 4.2, 3.6, 3.7, 3.4, 3, 2.8, 2.9, 4.4, 
4.4, 4.6, 4.2, 4.3, 4.7, 3.8, 3.7, 3.4, 2, 2.9, 2.8, 4.2, 4.4, 
4.5, 4, 4.6, 4.5, 4, 3.8, 3.3, 2, 2.4, 2, 4, 4.1, 4.2, 4, 4.4, 
4.2, 3.8, 3.7, 3.5, 2, 2.2, 2.3), Period = as.integer(c(1, 1, 
1, 1, 1, 1, 1, 1, 1, 1, 1, 1, 2, 2, 2, 2, 2, 2, 2, 2, 2, 2, 2, 
2, 3, 3, 3, 3, 3, 3, 3, 3, 3, 3, 3, 3, 4, 4, 4, 4, 4, 4, 4, 4, 
4, 4, 4, 4, 1, 1, 1, 1, 1, 1, 1, 1, 1, 1, 1, 1, 2, 2, 2, 2, 2, 
2, 2, 2, 2, 2, 2, 2, 3, 3, 3, 3, 3, 3, 3, 3, 3, 3, 3, 3, 4, 4, 
4, 4, 4, 4, 4, 4, 4, 4, 4, 4)), Strain = as.integer(c(1, 1, 1, 
1, 1, 1, 1, 1, 1, 1, 1, 1, 1, 1, 1, 1, 1, 1, 1, 1, 1, 1, 1, 1, 
1, 1, 1, 1, 1, 1, 1, 1, 1, 1, 1, 1, 1, 1, 1, 1, 1, 1, 1, 1, 1, 
1, 1, 1, 2, 2, 2, 2, 2, 2, 2, 2, 2, 2, 2, 2, 2, 2, 2, 2, 2, 2, 
2, 2, 2, 2, 2, 2, 2, 2, 2, 2, 2, 2, 2, 2, 2, 2, 2, 2, 2, 2, 2, 
2, 2, 2, 2, 2, 2, 2, 2, 2)), Coat = as.integer(c(1, 1, 1, 2, 
2, 2, 3, 3, 3, 4, 4, 4, 1, 1, 1, 2, 2, 2, 3, 3, 3, 4, 4, 4, 1, 
1, 1, 2, 2, 2, 3, 3, 3, 4, 4, 4, 1, 1, 1, 2, 2, 2, 3, 3, 3, 4, 
4, 4, 1, 1, 1, 2, 2, 2, 3, 3, 3, 4, 4, 4, 1, 1, 1, 2, 2, 2, 3, 
3, 3, 4, 4, 4, 1, 1, 1, 2, 2, 2, 3, 3, 3, 4, 4, 4, 1, 1, 1, 2, 
2, 2, 3, 3, 3, 4, 4, 4))), .Names = c("Tempr", "Period", "Strain", 
"Coat"), class = "data.frame", row.names = c("1", "2", "3", "4", 
"5", "6", "7", "8", "9", "10", "11", "12", "13", "14", "15", 
"16", "17", "18", "19", "20", "21", "22", "23", "24", "25", "26", 
"27", "28", "29", "30", "31", "32", "33", "34", "35", "36", "37", 
"38", "39", "40", "41", "42", "43", "44", "45", "46", "47", "48", 
"49", "50", "51", "52", "53", "54", "55", "56", "57", "58", "59", 
"60", "61", "62", "63", "64", "65", "66", "67", "68", "69", "70", 
"71", "72", "73", "74", "75", "76", "77", "78", "79", "80", "81", 
"82", "83", "84", "85", "86", "87", "88", "89", "90", "91", "92", 
"93", "94", "95", "96"))
