`xmp11.11` <-
structure(list(abrasion = c(7.38, 5.39, 5.03, 5.5, 5.01, 6.79, 
7.15, 8.16, 4.96, 5.78, 6.24, 5.06, 6.75, 5.64, 6.34, 5.31, 7.81, 
8.05, 8.05, 6.45, 6.31, 5.46, 6.05, 5.51, 5.65, 5.44, 7.27, 6.54, 
7.03, 5.96, 6, 6.55, 5.93, 8.02, 5.8, 6.61), row = structure(as.integer(c(1, 
1, 1, 1, 1, 1, 2, 2, 2, 2, 2, 2, 3, 3, 3, 3, 3, 3, 4, 4, 4, 4, 
4, 4, 5, 5, 5, 5, 5, 5, 6, 6, 6, 6, 6, 6)), .Label = c("1", "2", 
"3", "4", "5", "6"), class = c("ordered", "factor")), column = structure(as.integer(c(1, 
2, 3, 4, 5, 6, 1, 2, 3, 4, 5, 6, 1, 2, 3, 4, 5, 6, 1, 2, 3, 4, 
5, 6, 1, 2, 3, 4, 5, 6, 1, 2, 3, 4, 5, 6)), .Label = c("1", "2", 
"3", "4", "5", "6"), class = c("ordered", "factor")), humidity = structure(as.integer(c(3, 
4, 6, 2, 5, 1, 2, 1, 5, 4, 3, 6, 4, 6, 3, 5, 1, 2, 1, 3, 2, 6, 
4, 5, 6, 5, 1, 3, 2, 4, 5, 2, 4, 1, 6, 3)), .Label = c("25 percent", 
"37 percent", "50 percent", "62 percent", "75 percent", "87 percent"), class = "factor")), .Names = c("abrasion", 
"row", "column", "humidity"), class = "data.frame", row.names = c("1", 
"2", "3", "4", "5", "6", "7", "8", "9", "10", "11", "12", "13", 
"14", "15", "16", "17", "18", "19", "20", "21", "22", "23", "24", 
"25", "26", "27", "28", "29", "30", "31", "32", "33", "34", "35", 
"36"))
