`xmp14.03` <-
structure(list(onset = as.integer(c(52, 73, 89, 88, 68, 47, 58, 
47, 48, 53, 47, 34, 21, 31, 40, 24, 37, 31, 47, 34, 36, 44, 78, 
59))), .Names = "onset", class = "data.frame", row.names = c("1", 
"2", "3", "4", "5", "6", "7", "8", "9", "10", "11", "12", "13", 
"14", "15", "16", "17", "18", "19", "20", "21", "22", "23", "24"
))
