`xmp13.18` <-
structure(list(s = as.integer(c(20, 20, 20, 20, 20, 20, 20, 20, 
20, 60, 60, 60, 60, 60, 60, 60, 60, 60, 100, 100, 100, 100, 100, 
100, 100, 100, 100)), l.1000.s = as.integer(c(3, 3, 3, 6, 6, 
6, 10, 10, 10, 3, 3, 3, 6, 6, 6, 10, 10, 10, 3, 3, 3, 6, 6, 6, 
10, 10, 10)), w = c(300.2, 310.8, 333, 99.6, 136.2, 142.4, 20.2, 
28.2, 102.7, 67.3, 77.9, 93.9, 43, 44.5, 65.9, 10.7, 34.1, 39.1, 
26.5, 22.3, 34.8, 32.8, 25.6, 32.7, 2.3, 4.4, 5.8)), .Names = c("s", 
"l.1000.s", "w"), class = "data.frame", row.names = c("1", "2", 
"3", "4", "5", "6", "7", "8", "9", "10", "11", "12", "13", "14", 
"15", "16", "17", "18", "19", "20", "21", "22", "23", "24", "25", 
"26", "27"))
