`xmp12.16` <-
structure(list(x = c(0.066, 0.088, 0.12, 0.05, 0.162, 0.186, 
0.057, 0.1, 0.112, 0.055, 0.154, 0.074, 0.111, 0.14, 0.071, 0.11
), y = c(4.6, 11.6, 9.5, 6.3, 13.8, 15.4, 2.5, 11.8, 8, 7, 20.6, 
16.6, 9.2, 17.9, 2.8, 13)), .Names = c("x", "y"), class = "data.frame", row.names = c("1", 
"2", "3", "4", "5", "6", "7", "8", "9", "10", "11", "12", "13", 
"14", "15", "16"))
