`xmp13.11` <-
structure(list(Observation = as.integer(c(1, 2, 3, 4, 5, 6, 7, 
8, 9, 10, 11, 12, 13, 14, 15, 16, 17, 18, 19, 20, 21, 22, 23, 
24, 25, 26, 27, 28, 29, 30)), Force = as.integer(c(30, 40, 30, 
40, 30, 40, 30, 40, 30, 40, 30, 40, 30, 40, 30, 40, 25, 45, 35, 
35, 35, 35, 35, 35, 35, 35, 35, 35, 35, 35)), Power = as.integer(c(60, 
60, 90, 90, 60, 60, 90, 90, 60, 60, 90, 90, 60, 60, 90, 90, 75, 
75, 45, 105, 75, 75, 75, 75, 75, 75, 75, 75, 75, 75)), Temperature = as.integer(c(175, 
175, 175, 175, 225, 225, 225, 225, 175, 175, 175, 175, 225, 225, 
225, 225, 200, 200, 200, 200, 150, 250, 200, 200, 200, 200, 200, 
200, 200, 200)), Time = as.integer(c(15, 15, 15, 15, 15, 15, 
15, 15, 25, 25, 25, 25, 25, 25, 25, 25, 20, 20, 20, 20, 20, 20, 
10, 30, 20, 20, 20, 20, 20, 20)), Strength = c(26.2, 26.3, 39.8, 
39.7, 38.6, 35.5, 48.8, 37.8, 26.6, 23.4, 38.6, 52.1, 39.5, 32.3, 
43, 56, 35.2, 46.9, 22.7, 58.7, 34.5, 44, 35.7, 41.8, 36.5, 37.6, 
40.3, 46, 27.8, 40.3)), .Names = c("Observation", "Force", "Power", 
"Temperature", "Time", "Strength"), class = "data.frame", row.names = c("1", 
"2", "3", "4", "5", "6", "7", "8", "9", "10", "11", "12", "13", 
"14", "15", "16", "17", "18", "19", "20", "21", "22", "23", "24", 
"25", "26", "27", "28", "29", "30"))
