`xmp15.08` <-
structure(list(Epoxy = as.integer(c(10860, 11120, 11340, 12130, 
14380, 13070)), Other = as.integer(c(4590, 4850, 6510, 5640, 
6390, NA))), .Names = c("Epoxy", "Other"), class = "data.frame", row.names = c("1", 
"2", "3", "4", "5", "6"))
