`xmp15.03` <-
structure(list(xi = as.integer(c(-10, -27, 36, -55, 73, -77, 
-81, 90, -95, -99, 113, -127, -129, 136, -150, -155, -159, 165, 
-178, -183, -192, -199, -212, -217, -229)), Signed.Rank = as.integer(c(-1, 
-2, 3, -4, 5, -6, -7, 8, -9, -10, 11, -12, -13, 14, -15, -16, 
-17, 18, -19, -20, -21, -22, -23, -24, -25))), .Names = c("xi", 
"Signed.Rank"), class = "data.frame", row.names = c("1", "2", 
"3", "4", "5", "6", "7", "8", "9", "10", "11", "12", "13", "14", 
"15", "16", "17", "18", "19", "20", "21", "22", "23", "24", "25"
))
