`xmp15.06` <-
structure(list(C1 = c(4.51, 4.55, 4.59, 4.705, 4.72, 4.745, 4.76, 
4.795, 4.835, 4.9, 4.915, 4.93, 4.99, 5.005, 5.08, 5.09, 5.13, 
5.285, 5.3, 5.375, 5.655, 5.67, 5.695, 5.85, 5.865, 5.94, 6.235, 
6.8)), .Names = "C1", class = "data.frame", row.names = c("1", 
"2", "3", "4", "5", "6", "7", "8", "9", "10", "11", "12", "13", 
"14", "15", "16", "17", "18", "19", "20", "21", "22", "23", "24", 
"25", "26", "27", "28"))
