`xmp13.06` <-
structure(list(Temperature = as.integer(c(53, 56, 57, 63, 66, 
67, 67, 67, 68, 69, 70, 70, 70, 70, 72, 73, 75, 75, 76, 76, 78, 
79, 80, 81)), Failure = structure(as.integer(c(2, 2, 2, 1, 1, 
1, 1, 1, 1, 1, 1, 2, 1, 2, 1, 1, 1, 2, 1, 1, 1, 1, 1, 1)), .Label = c("N", 
"Y"), class = "factor")), .Names = c("Temperature", "Failure"
), class = "data.frame", row.names = c("1", "2", "3", "4", "5", 
"6", "7", "8", "9", "10", "11", "12", "13", "14", "15", "16", 
"17", "18", "19", "20", "21", "22", "23", "24"))
