`xmp16.07` <-
structure(list(C1 = as.integer(c(7, 10, 9, 12, 13, 6, 13, 7, 
5, 11, 8, 10, 13, 9, 21, 10, 6, 8, 3, 12, 7, 11, 14, 10))), .Names = "C1", class = "data.frame", row.names = c("1", 
"2", "3", "4", "5", "6", "7", "8", "9", "10", "11", "12", "13", 
"14", "15", "16", "17", "18", "19", "20", "21", "22", "23", "24"
))
