`xmp15.09` <-
structure(list(C1 = c(309.2, 309.7, 311, 316.8, 326.5, 349.8, 
409.5, 331, 347.2, 348.9, 361, 381.7, 402.1, 404.5, 351, 357.1, 
366.2, 367.3, 382, 392.4, 409.9, 346.7, 362.6, 384.2, 410.6, 
433.1, 452.9, 461.4, 407.4, 410.7, 419.9, 441.2, 441.8, 465.8, 
473.4), C2 = structure(as.integer(c(3, 3, 3, 3, 3, 3, 3, 4, 4, 
4, 4, 4, 4, 4, 5, 5, 5, 5, 5, 5, 5, 1, 1, 1, 1, 1, 1, 1, 2, 2, 
2, 2, 2, 2, 2)), .Label = c("10\"", "12\"", "4\"", "6\"", "8\""
), class = "factor")), .Names = c("C1", "C2"), class = "data.frame", row.names = c("1", 
"2", "3", "4", "5", "6", "7", "8", "9", "10", "11", "12", "13", 
"14", "15", "16", "17", "18", "19", "20", "21", "22", "23", "24", 
"25", "26", "27", "28", "29", "30", "31", "32", "33", "34", "35"
))
