`xmp12.04` <-
structure(list(x = c(99, 101.1, 102.7, 103, 105.4, 107, 108.7, 
110.8, 112.1, 112.4, 113.6, 113.8, 115.1, 115.4, 120), y = c(28.8, 
27.9, 27, 25.2, 22.8, 21.5, 20.9, 19.6, 17.1, 18.9, 16, 16.7, 
13, 13.6, 10.8)), .Names = c("x", "y"), class = "data.frame", row.names = c("1", 
"2", "3", "4", "5", "6", "7", "8", "9", "10", "11", "12", "13", 
"14", "15"))
