`xmp16.01` <-
structure(list(Visc1 = c(10.37, 10.48, 10.77, 10.47, 10.84, 10.48, 
10.41, 10.4, 10.33, 10.73, 10.41, 10, 10.37, 10.47, 10.46, 10.44, 
10.65, 10.73, 10.39, 10.59, 10.47, 10.4, 10.24, 10.37, 10.46), 
    Visc2 = c(10.19, 10.24, 10.22, 10.26, 10.75, 10.53, 10.52, 
    10.38, 10.35, 10.45, 10.68, 10.6, 10.5, 10.6, 10.46, 10.68, 
    10.42, 10.72, 10.75, 10.23, 10.67, 10.55, 10.71, 10.69, 10.35
    ), Visc3 = c(10.36, 10.58, 10.54, 10.31, 10.53, 10.5, 10.46, 
    10.69, 10.49, 10.3, 10.25, 10.71, 10.34, 10.75, 10.56, 10.32, 
    10.26, 10.83, 1027, 10.35, 10.64, 10.38, 10.27, 10.4, 10.37
    )), .Names = c("Visc1", "Visc2", "Visc3"), class = "data.frame", row.names = c("1", 
"2", "3", "4", "5", "6", "7", "8", "9", "10", "11", "12", "13", 
"14", "15", "16", "17", "18", "19", "20", "21", "22", "23", "24", 
"25"))
