`xmp12.01` <-
structure(list(Obs = as.integer(c(1, 2, 3, 4, 5, 6, 7, 8, 9, 
10, 11, 12, 13, 14, 15, 16, 17, 18, 19, 20, 21, 22, 23, 24, 25, 
26, 27, 28, 29, 30)), x = c(0.4, 0.42, 0.48, 0.51, 0.57, 0.6, 
0.7, 0.75, 0.75, 0.78, 0.84, 0.95, 0.99, 1.03, 1.12, 1.15, 1.2, 
1.25, 1.25, 1.28, 1.3, 1.34, 1.37, 1.4, 1.43, 1.46, 1.49, 1.55, 
1.58, 1.6), y = c(1.02, 1.21, 0.88, 0.98, 1.52, 1.83, 1.5, 1.8, 
1.74, 1.63, 2, 2.8, 2.48, 2.47, 3.05, 3.18, 3.76, 3.68, 3.82, 
3.21, 4.27, 3.12, 3.99, 3.75, 4.1, 4.18, 3.77, 4.34, 4.21, 4.92
)), .Names = c("Obs", "x", "y"), class = "data.frame", row.names = c("1", 
"2", "3", "4", "5", "6", "7", "8", "9", "10", "11", "12", "13", 
"14", "15", "16", "17", "18", "19", "20", "21", "22", "23", "24", 
"25", "26", "27", "28", "29", "30"))
