`xmp15.02` <-
structure(list(Log = as.integer(c(1, 2, 3, 4, 5, 6, 7, 8)), Solvent.1 = c(3.92, 
3.79, 3.7, 4.08, 3.87, 3.95, 3.55, 3.76), Solvent.2 = c(4.25, 
4.2, 4.41, 3.89, 4.39, 3.75, 4.2, 3.9), Difference = c(-0.33, 
-0.41, -0.71, 0.19, -0.52, 0.2, -0.65, -1.4), Signed.rank = as.integer(c(-4, 
-5, -8, 2, -6, 3, -7, -1))), .Names = c("Log", "Solvent.1", "Solvent.2", 
"Difference", "Signed.rank"), class = "data.frame", row.names = c("1", 
"2", "3", "4", "5", "6", "7", "8"))
