`xmp10.03` <-
structure(list(Soiling = c(0.56, 1.12, 0.9, 1.07, 0.94, 0.72, 
0.69, 0.87, 0.78, 0.91, 0.62, 1.08, 1.07, 0.99, 0.93), Mixture = structure(as.integer(c(1, 
1, 1, 1, 1, 2, 2, 2, 2, 2, 3, 3, 3, 3, 3)), .Label = c("1", "2", 
"3"), class = "factor")), .Names = c("Soiling", "Mixture"), class = "data.frame", row.names = c("1", 
"2", "3", "4", "5", "6", "7", "8", "9", "10", "11", "12", "13", 
"14", "15"))
