`xmp11.07` <-
structure(list(Yield = c(10.5, 9.2, 7.9, 12.8, 11.2, 13.3, 12.1, 
12.6, 14, 10.8, 9.1, 12.5, 8.1, 8.6, 10.1, 12.7, 13.7, 11.5, 
14.4, 15.4, 13.7, 11.3, 12.5, 14.5, 16.1, 15.3, 17.5, 16.6, 19.2, 
18.5, 20.8, 18, 21, 18.4, 18.9, 17.2), Variety = structure(as.integer(c(1, 
1, 1, 1, 1, 1, 1, 1, 1, 1, 1, 1, 2, 2, 2, 2, 2, 2, 2, 2, 2, 2, 
2, 2, 3, 3, 3, 3, 3, 3, 3, 3, 3, 3, 3, 3)), .Label = c("1", "2", 
"3"), class = "factor"), Density = structure(as.integer(c(1, 
1, 1, 2, 2, 2, 3, 3, 3, 4, 4, 4, 1, 1, 1, 2, 2, 2, 3, 3, 3, 4, 
4, 4, 1, 1, 1, 2, 2, 2, 3, 3, 3, 4, 4, 4)), .Label = c("1", "2", 
"3", "4"), class = "factor")), .Names = c("Yield", "Variety", 
"Density"), class = "data.frame", row.names = c("1", "2", "3", 
"4", "5", "6", "7", "8", "9", "10", "11", "12", "13", "14", "15", 
"16", "17", "18", "19", "20", "21", "22", "23", "24", "25", "26", 
"27", "28", "29", "30", "31", "32", "33", "34", "35", "36"))
