`xmp10.01` <-
structure(list(C1 = c(655.5, 788.3, 734.3, 721.4, 679.1, 699.4, 
789.2, 772.5, 786.9, 686.1, 732.1, 774.8, 737.1, 639, 696.3, 
671.7, 717.2, 727.1, 535.1, 628.7, 542.4, 559, 586.9, 520.1), 
    C2 = as.integer(c(1, 1, 1, 1, 1, 1, 2, 2, 2, 2, 2, 2, 3, 
    3, 3, 3, 3, 3, 4, 4, 4, 4, 4, 4))), .Names = c("C1", "C2"
), class = "data.frame", row.names = c("1", "2", "3", "4", "5", 
"6", "7", "8", "9", "10", "11", "12", "13", "14", "15", "16", 
"17", "18", "19", "20", "21", "22", "23", "24"))
