`xmp13.13` <-
structure(list(x1 = as.integer(c(21, 21, 7, 7, 28, 0, 14, 14, 
14)), x2 = c(0.65, 0.55, 0.65, 0.55, 0.6, 0.6, 0.7, 0.5, 0.6), 
    x1x2 = c(13.65, 11.55, 4.55, 3.85, 16.8, 0, 9.8, 7, 8.4), 
    X28 = c(33.55, 47.55, 35, 35.9, 40.9, 39.1, 31.55, 31.12, 
    47.05), Absorbability = c(8.42, 6.26, 6.74, 6.59, 7.28, 6.9, 
    10.8, 5.63, 7.43)), .Names = c("x1", "x2", "x1x2", "X28", 
"Absorbability"), class = "data.frame", row.names = c("1", "2", 
"3", "4", "5", "6", "7", "8", "9"))
