`xmp16.09` <-
structure(list(C1 = structure(as.integer(c(17, 18, 1, 9, 10, 
11, 12, 13, 14, 15, 16, 2, 3, 4, 5, 6, 7, 8)), .Label = c("1", 
"10", "11", "12", "13", "14", "15", "16", "2", "3", "4", "5", 
"6", "7", "8", "9", "C1", "Sample #"), class = "factor"), C2 = structure(as.integer(c(16, 
17, 7, 2, 13, 5, 6, 3, 1, 12, 9, 4, 14, 11, 15, 5, 8, 10)), .Label = c("39.65", 
"39.72", "39.76", "39.84", "39.98", "40.06", "40.2", "40.23", 
"40.32", "40.34", "40.4", "40.41", "40.42", "40.49", "40.61", 
"C2", "xwl"), class = "factor"), C3 = structure(as.integer(c(16, 
17, 1, 13, 9, 4, 3, 12, 15, 8, 5, 10, 11, 7, 14, 4, 2, 6)), .Label = c("0.05", 
"0.08", "-0.09", "-0.17", "0.17", "0.19", "0.25", "0.26", "0.27", 
"-0.31", "0.34", "-0.39", "-0.43", "0.46", "-0.5", "C3", "xwl - 40.15"
), class = "factor"), C4 = structure(as.integer(c(15, 16, 3, 
1, 7, 4, 2, 1, 1, 6, 8, 5, 9, 10, 13, 11, 12, 14)), .Label = c("0", 
"0.01", "0.05", "0.1", "0.12", "0.26", "0.27", "0.43", "0.46", 
"0.71", "1", "1.08", "1.17", "1.27", "C4", "dl"), class = "factor"), 
    C5 = structure(as.integer(c(16, 17, 7, 3, 13, 4, 6, 2, 5, 
    12, 9, 1, 14, 11, 15, 4, 8, 10)), .Label = c("-0.01", "-0.09", 
    "-0.13", "0.13", "-0.2", "0.21", "0.35", "0.38", "0.47", 
    "0.49", "0.55", "0.56", "0.57", "0.64", "0.76", "C5", "xwl - 39.85"
    ), class = "factor"), C6 = structure(as.integer(c(6, 7, 1, 
    4, 1, 1, 1, 3, 5, 1, 1, 2, 1, 1, 1, 1, 1, 1)), .Label = c("0", 
    "0.01", "0.09", "0.13", "0.29", "C6", "el"), class = "factor")), .Names = c("C1", 
"C2", "C3", "C4", "C5", "C6"), class = "data.frame", row.names = c("1", 
"2", "3", "4", "5", "6", "7", "8", "9", "10", "11", "12", "13", 
"14", "15", "16", "17", "18"))
