`xmp15.01` <-
structure(list(C1 = c(494.6, 510.8, 487.5, 493.2, 502.6, 485, 
495.9, 498.2, 501.6, 497.3, 492, 504.3, 499.2, 493.5, 505.8)), .Names = "C1", class = "data.frame", row.names = c("1", 
"2", "3", "4", "5", "6", "7", "8", "9", "10", "11", "12", "13", 
"14", "15"))
