`xmp13.16` <-
structure(list(x1 = as.integer(c(8, 2, 7, 10, 7, 7, 7, 5, 4, 
5, 8, 2, 4, 6, 10, 4, 4, 10, 5, 8, 10, 2, 6, 7, 5, 8, 4, 6, 4, 
7)), x2 = as.integer(c(4, 4, 4, 7, 4, 7, 13, 4, 7, 1, 10, 4, 
10, 7, 13, 10, 13, 10, 4, 13, 1, 13, 13, 1, 13, 1, 1, 1, 1, 10
)), x3 = as.integer(c(100, 180, 180, 120, 180, 180, 140, 160, 
140, 100, 140, 100, 180, 120, 180, 160, 100, 120, 100, 140, 180, 
140, 180, 120, 140, 160, 180, 160, 100, 100)), x4 = as.integer(c(1, 
7, 1, 5, 5, 1, 1, 7, 3, 7, 3, 3, 3, 7, 3, 5, 7, 7, 1, 1, 1, 1, 
7, 7, 1, 7, 7, 1, 1, 7)), y = c(1.4, 2.2, 4.6, 4.9, 4.6, 4.7, 
4.6, 4.5, 4.8, 1.4, 4.7, 1.6, 4.5, 4.7, 4.8, 4.6, 4.3, 4.9, 1.7, 
4.6, 2.6, 3.1, 4.7, 2.5, 4.5, 2.1, 1.8, 1.5, 1.3, 4.6)), .Names = c("x1", 
"x2", "x3", "x4", "y"), class = "data.frame", row.names = c("1", 
"2", "3", "4", "5", "6", "7", "8", "9", "10", "11", "12", "13", 
"14", "15", "16", "17", "18", "19", "20", "21", "22", "23", "24", 
"25", "26", "27", "28", "29", "30"))
