`xmp13.09` <-
structure(list(tempture = as.integer(c(280, 284, 292, 295, 298, 
305, 308, 315)), strength = as.integer(c(770, 800, 840, 810, 
735, 640, 590, 560))), .Names = c("tempture", "strength"), class = "data.frame", row.names = c("1", 
"2", "3", "4", "5", "6", "7", "8"))
