`xmp10.08` <-
structure(list(elastic = c(45.5, 45.3, 45.4, 44.4, 44.6, 43.9, 
44.6, 44, 44.2, 43.9, 44.7, 44.2, 44, 43.8, 44.6, 43.1, 46, 45.9, 
44.8, 46.2, 45.1, 45.5), type = structure(as.integer(c(2, 2, 
2, 2, 2, 2, 2, 2, 1, 1, 1, 1, 1, 1, 1, 1, 3, 3, 3, 3, 3, 3)), .Label = c("Die", 
"Permanent", "Plaster"), class = "factor")), .Names = c("elastic", 
"type"), row.names = c("1", "2", "3", "4", "5", "6", "7", "8", 
"9", "10", "11", "12", "13", "14", "15", "16", "17", "18", "19", 
"20", "21", "22"), class = "data.frame")
