`xmp13.10` <-
structure(list(x = as.integer(c(280, 284, 292, 295, 298, 305, 
308, 315)), x = c(-17.13, -13.13, -5.13, -2.13, 0.87, 7.87, 10.87, 
17.87), y = as.integer(c(770, 800, 840, 810, 735, 640, 590, 560
))), .Names = c("x", "x", "y"), class = "data.frame", row.names = c("1", 
"2", "3", "4", "5", "6", "7", "8"))
