`xmp16.08` <-
structure(list(Obs.1 = c(40.77, 38.94, 40.43, 39.55, 41.01, 39.06, 
39.63, 41.05, 40.28, 39.28, 40.57, 39.9, 40.7, 39.58, 40.16, 
40.46), Obs.2 = c(39.95, 39.7, 40.27, 40.1, 39.07, 39.9, 39.42, 
40.74, 40.89, 40.49, 40.04, 40.67, 40.54, 40.9, 40.69, 40.21), 
    Obs.3 = c(40.86, 40.37, 40.91, 39.39, 39.85, 39.84, 40.04, 
    40.43, 39.61, 38.88, 40.85, 40.51, 40.73, 39.62, 40.37, 40.09
    ), Obs.4 = c(39.21, 39.88, 40.05, 40.89, 40.32, 40.22, 39.5, 
    39.4, 40.48, 40.72, 40.51, 40.53, 40.45, 39.83, 39.69, 40.58
    )), .Names = c("Obs.1", "Obs.2", "Obs.3", "Obs.4"), class = "data.frame", row.names = c("1", 
"2", "3", "4", "5", "6", "7", "8", "9", "10", "11", "12", "13", 
"14", "15", "16"))
