`xmp14.10` <-
structure(list(C1 = as.integer(c(204, 108, 140, 152, 158, 129, 
175, 146, 157, 174, 192, 194, 144, 152, 135, 223, 145, 231, 115, 
131, 129, 142, 114, 173, 226, 155, 166, 220, 180, 172, 143, 148, 
171, 143, 124, 158, 144, 108, 189, 136, 136, 197, 131, 95, 139, 
181, 165, 142, 162))), .Names = "C1", class = "data.frame", row.names = c("1", 
"2", "3", "4", "5", "6", "7", "8", "9", "10", "11", "12", "13", 
"14", "15", "16", "17", "18", "19", "20", "21", "22", "23", "24", 
"25", "26", "27", "28", "29", "30", "31", "32", "33", "34", "35", 
"36", "37", "38", "39", "40", "41", "42", "43", "44", "45", "46", 
"47", "48", "49"))
