`xmp16.04` <-
structure(list(Obs.1 = c(29.7, 32.2, 35.9, 28.8, 30.9, 30.6, 
32.3, 32, 24.2, 33.7, 35.3, 28.1, 28.7, 29, 33.5, 26.9, 30.4, 
29, 33.8, 29.7, 27.9, 30), Obs.2 = c(29, 29.3, 29.1, 27.2, 32.6, 
34.3, 27.7, 27.9, 27.5, 24.4, 33.2, 34, 28.9, 33, 32.6, 27.3, 
29.6, 28.9, 30.9, 27.9, 27.7, 31.4), Obs.3 = c(28.8, 32.2, 32.1, 
28.5, 28.3, 34.8, 30.9, 31, 28.5, 34.3, 31.4, 31, 25.8, 30.2, 
33.6, 32.1, 31, 31.8, 31.7, 29.1, 30.2, 27.7), Obs.4 = c(30.2, 
32.9, 31.3, 35.7, 28.3, 26.3, 27.8, 30.8, 31.1, 31, 28, 30.8, 
29.7, 30.1, 29.2, 28.5, 33.8, 26.7, 28.2, 30.1, 32.9, 28.1)), .Names = c("Obs.1", 
"Obs.2", "Obs.3", "Obs.4"), class = "data.frame", row.names = c("1", 
"2", "3", "4", "5", "6", "7", "8", "9", "10", "11", "12", "13", 
"14", "15", "16", "17", "18", "19", "20", "21", "22"))
