`xmp13.15` <-
structure(list(Iron.x1 = as.integer(c(61, 175, 111, 124, 130, 
173, 169, 169, 160, 244, 257, 333, 199)), Aluminum.x2 = as.integer(c(13, 
21, 24, 23, 64, 38, 33, 61, 39, 71, 112, 88, 54)), Adsorption.y = as.integer(c(4, 
18, 14, 18, 26, 26, 21, 30, 28, 36, 65, 62, 40))), .Names = c("Iron.x1", 
"Aluminum.x2", "Adsorption.y"), class = "data.frame", row.names = c("1", 
"2", "3", "4", "5", "6", "7", "8", "9", "10", "11", "12", "13"
))
