`xmp10.05` <-
structure(list(REMtime = c(88.6, 73.2, 91.4, 68, 75.2, 63, 53.9, 
69.2, 50.1, 71.5, 44.9, 59.5, 40.2, 56.3, 38.7, 31, 39.6, 45.3, 
25.2, 22.7), ethanol = as.integer(c(0, 0, 0, 0, 0, 1, 1, 1, 1, 
1, 2, 2, 2, 2, 2, 4, 4, 4, 4, 4))), .Names = c("REMtime", "ethanol"
), class = "data.frame", row.names = c("1", "2", "3", "4", "5", 
"6", "7", "8", "9", "10", "11", "12", "13", "14", "15", "16", 
"17", "18", "19", "20"))
