`xmp12.13` <-
structure(list(x = c(8, 15, 16.5, 20, 20, 27.5, 30, 30, 35, 38, 
40, 45, 50, 50, 55, 55, 59, 65), y = c(22.8, 27.2, 23.7, 17.1, 
21.5, 18.6, 16.1, 23.4, 13.4, 19.5, 12.4, 13.2, 11.4, 10.3, 14.1, 
9.7, 12, 6.8)), .Names = c("x", "y"), class = "data.frame", row.names = c("1", 
"2", "3", "4", "5", "6", "7", "8", "9", "10", "11", "12", "13", 
"14", "15", "16", "17", "18"))
