`xmp11.06` <-
structure(list(Resp = c(8, 6.9, 9.3, 9.2, 12, 9.4, 17.3, 19.3, 
18.8, 24.9, 31.7, 33.6, 52, 63.7, 60, 82.4, 83.8, 96.6, 22, 21.6, 
28.3, 44.9, 37.4, 40.6), Stimulus = structure(as.integer(c(1, 
2, 3, 4, 5, 6, 1, 2, 3, 4, 5, 6, 1, 2, 3, 4, 5, 6, 1, 2, 3, 4, 
5, 6)), .Label = c("L1", "L2", "T", "L1+L2", "L1+T", "L2+T"), class = "factor"), 
    Subject = structure(as.integer(c(1, 1, 1, 1, 1, 1, 2, 2, 
    2, 2, 2, 2, 3, 3, 3, 3, 3, 3, 4, 4, 4, 4, 4, 4)), .Label = c("1", 
    "2", "3", "4"), class = "factor")), .Names = c("Resp", "Stimulus", 
"Subject"), class = "data.frame", row.names = c("1", "2", "3", 
"4", "5", "6", "7", "8", "9", "10", "11", "12", "13", "14", "15", 
"16", "17", "18", "19", "20", "21", "22", "23", "24"))
