`xmp12.14` <-
structure(list(x = c(2.4, 3.4, 4.6, 3.78, 2.2, 3.3, 4, 2.1), 
    y = c(1.33, 2.12, 1.8, 1.65, 2, 1.76, 2.11, 1.63)), .Names = c("x", 
"y"), class = "data.frame", row.names = c("1", "2", "3", "4", 
"5", "6", "7", "8"))
