`xmp11.01` <-
structure(list(strength = c(0.97, 0.48, 0.48, 0.46, 0.77, 0.14, 
0.22, 0.25, 0.67, 0.39, 0.57, 0.19), brand = structure(as.integer(c(1, 
1, 1, 1, 2, 2, 2, 2, 3, 3, 3, 3)), .Label = c("1", "2", "3"), class = "factor"), 
    treatment = structure(as.integer(c(1, 2, 3, 4, 1, 2, 3, 4, 
    1, 2, 3, 4)), .Label = c("1", "2", "3", "4"), class = "factor")), .Names = c("strength", 
"brand", "treatment"), class = "data.frame", row.names = c("1", 
"2", "3", "4", "5", "6", "7", "8", "9", "10", "11", "12"))
