`xmp15.10` <-
structure(list(Fear = c(23.1, 57.6, 10.5, 23.6, 11.9, 54.6, 21, 
20.3), Happiness = c(22.7, 53.2, 9.7, 19.6, 13.8, 47.1, 13.6, 
23.6), Depression = c(22.5, 53.7, 10.8, 21.1, 13.7, 39.2, 13.7, 
16.3), Calmness = c(22.6, 53.1, 8.3, 21.6, 13.3, 37, 14.8, 14.8
)), .Names = c("Fear", "Happiness", "Depression", "Calmness"), class = "data.frame", row.names = c("1", 
"2", "3", "4", "5", "6", "7", "8"))
